name,k,k_uncert,Q1,Q2,Q3,Q4,Q5,Q6,theta1,theta2,theta3,theta4,theta5,theta6
sample001,1.0428,8.55096e-05,0.16963830011955405,0.16598084563956755,0.17462010349822485,0.17277630288251433,0.15521286874167672,0.16177157911846263,158.51657401,121.86791187,224.37301302,180.54690026,66.57397058,285.04049022
sample002,1.00996,8.786652e-05,0.17751699706116156,0.16328641174879782,0.15626514957765042,0.15703005857136032,0.1756899214113747,0.17021146162965528,207.93589999,301.26024673,39.030248,336.49978347,233.31946971,277.13244834
sample003,1.00666,8.757942000000001e-05,0.16352357934246434,0.16945618581107258,0.15715085097407908,0.15573277606081215,0.17180357434939436,0.1823330334621775,301.79286819,131.51063681,15.03873943,17.00490554,122.37394327,216.19373849
sample004,0.980926,8.828334e-05,0.15890186248156968,0.16018670952988723,0.16014516410116356,0.1673760366404442,0.17208040046294726,0.18130982678398805,352.10380032,359.60489037,4.79820606,86.79441879,92.67281311,140.85994023
sample005,1.04952,8.501112e-05,0.1710640901034458,0.1680429138726746,0.15735051694598634,0.16831093158910704,0.16529143309052002,0.16994011439826612,235.55388508,168.57177278,300.91172607,215.89558917,264.52712515,232.02206794
sample006,1.03419,8.583777e-05,0.1729899357557747,0.1692046871507613,0.17377366658046017,0.1671407314388402,0.16362027257492118,0.15327070649924238,175.69707038,121.28262411,150.54510923,114.51154367,112.10001221,20.29197527
sample007,1.00632,8.754984000000002e-05,0.1612378634967832,0.1695993318638258,0.15459148832548586,0.18226404107122868,0.17676846649676356,0.1555388087459128,66.48279875,125.50608829,344.55248735,191.98593078,140.22621378,29.0080318
sample008,1.03953,8.524146000000001e-05,0.16519547174535926,0.15205020518759585,0.16413019662648076,0.17498090245319936,0.17244534886967056,0.1711978751176942,268.85116254,14.35667521,274.53456782,199.85634589,143.75347656,152.05337514
sample009,0.994114,8.8476146e-05,0.17854465571273104,0.1711717950949415,0.15850395542829865,0.16008778543406313,0.17511612958260558,0.15657567874736011,164.80856791,284.19031668,336.24188841,51.04271541,140.19575093,29.09985681
sample010,1.06846,8.440833999999999e-05,0.16826936756139207,0.16914901504611532,0.16842689621613474,0.1674725861719125,0.16172242682601884,0.16495970817842673,206.74105313,214.3303793,171.38531428,189.89465591,263.66897419,239.58402458
sample011,0.972974,8.8540634e-05,0.1614377877371319,0.16298673799904187,0.18473962429508323,0.16204341529907224,0.1665928162935179,0.16219961837615293,342.21876912,62.75154806,246.29976838,330.30465861,89.25059848,347.18121081
sample012,1.02898,8.643432e-05,0.1545741972723365,0.16670443826714415,0.1732750031147016,0.17612369805738948,0.16670390900604448,0.16261875428238387,342.9172701,270.71588089,156.11392644,225.48940512,273.73307822,289.1867921
sample013,1.03932,8.522424e-05,0.17456921498149186,0.15933502548370893,0.17191692013352308,0.1689840253589161,0.15277630445586166,0.1724185095864983,178.83593444,90.48514623,231.80451732,243.93751445,329.34877428,214.09843347
sample014,1.00756,8.765772e-05,0.1561903291925944,0.17194769790933584,0.18076529560805754,0.1604198216748743,0.15602208584130656,0.17465476977383135,334.49425579,126.58941529,177.49091051,312.62985121,349.62729458,185.14900062
sample015,1.01717,8.747661999999999e-05,0.1670827471301205,0.18138498716929907,0.1799859811824907,0.15583680528595262,0.15593926769625407,0.15977021153588272,107.97575108,165.63259118,219.62326823,47.56588416,13.86273191,70.535997
sample016,1.00712,8.761944e-05,0.15782484022743148,0.15717749814388077,0.1698910944040359,0.17871751818276002,0.1801578731461266,0.1562311758957651,2.28081418,347.27464143,126.78770197,256.03696198,199.30368589,346.8380688
sample017,1.01571,8.633535e-05,0.15924752010767332,0.18053061099064588,0.17760400257614695,0.15553024681269864,0.17176801109822987,0.15531960841460524,77.18392549,228.00312526,182.93015097,329.06079274,167.09300264,24.59170487
sample018,0.997548,8.7784224e-05,0.1578418573245692,0.16751608105424842,0.15995710636787563,0.17487930755567432,0.16606457958776016,0.17374106810987217,27.36799049,112.93886425,328.49184853,262.28740008,88.0177918,128.43109296
sample019,1.0196,8.666600000000001e-05,0.1683208417957299,0.1799609382710517,0.17085873386009587,0.1581276617538087,0.15521825114205678,0.16751357317725715,110.20635819,210.22024421,263.23061126,321.51691496,22.66440269,118.19361513
sample020,1.02356,8.597904e-05,0.15418461077358858,0.16311341394780893,0.1599110591098883,0.1743970123175464,0.17632797428545705,0.17206592956571087,0.99786502,111.38471707,309.65420398,241.00971307,146.71085758,142.42468537
sample021,1.01518,8.730548e-05,0.18198275100815353,0.1671362424636444,0.15523068830874648,0.15830132795139534,0.17321086608845815,0.1641381241796021,201.93852171,108.89334199,34.84239636,327.00342361,154.09936029,89.64211666
sample022,1.03081,8.658804e-05,0.17410504338778915,0.17463042817118057,0.15366876817061267,0.16805852640810665,0.15680904274090185,0.1727281911214088,144.34245323,178.43546388,37.41456093,246.27253343,317.79041077,230.36103011
sample023,1.02596,8.618064e-05,0.16788884371968793,0.15676974691945816,0.16475732788031563,0.17687750296008675,0.17638753933562923,0.15731903918482237,143.91221918,324.22404119,279.22377726,186.72083776,227.66578201,64.5571721
sample024,1.03617,8.496594000000001e-05,0.16855479032222836,0.15925265753263168,0.17226039907991073,0.16054747387840002,0.17149447079284863,0.16789020839398033,147.34366066,80.42807148,230.68896407,93.32351703,236.15563042,267.00914718
sample025,0.992688,8.7356544e-05,0.17426718486835518,0.17087935008169655,0.17543850555591728,0.1616756224591644,0.16036780787014765,0.15737152916471886,269.15653636,287.10036805,146.62356521,323.81738932,58.58137911,5.92145112
sample026,1.02777,8.633268e-05,0.15843900432062175,0.16762779349995782,0.17834968943809884,0.1716270274232578,0.15331946796651125,0.1706370173515525,311.79534106,127.37822679,178.61744404,247.03757358,343.21522455,200.27528753
sample027,0.983145,8.848305e-05,0.15784259547113394,0.16716351600990248,0.17142320468098612,0.16047567739438026,0.16955083200532256,0.17354417443827458,23.55466192,94.95856281,291.47573762,52.03783258,102.0503782,283.63875889
sample028,0.968076,8.9062992e-05,0.1639299454442787,0.1610406674122396,0.1614947125113429,0.176602560581459,0.159228002487196,0.17770411156348395,334.58548508,357.76483376,355.30977863,281.87526692,0.6177497,131.24209544
sample029,1.02082,8.676970000000002e-05,0.15407658449095862,0.15961164297736136,0.17850037795528528,0.17521658601212772,0.16124966166734583,0.17134514689692126,4.13456317,307.51100167,196.3961244,144.48886374,80.02498731,153.14686963
sample030,0.973968,8.9605056e-05,0.17347302227420863,0.16674774585182903,0.1728553848596721,0.1672117080301021,0.1598695555000889,0.1598425834840993,286.50478973,310.88290279,290.11695694,88.092961,357.89355969,1.4155972
sample031,1.03025,8.654100000000001e-05,0.15536068187433055,0.15390755197564404,0.1694225032246064,0.17874485122007383,0.17542368445666986,0.16714072724867524,338.19280464,30.51061645,258.03322161,205.03413218,148.74770738,124.05723976
sample032,1.0025,8.72175e-05,0.17235400179386445,0.15984202115854423,0.17734544366319177,0.1575948843888717,0.17695529201777288,0.15590835697775482,157.11436257,321.45769874,199.64265488,42.47687513,195.61357448,348.70405521
sample033,1.03798,8.615234e-05,0.17253998439375878,0.17413302472818432,0.17698702401228228,0.16223078441952282,0.15267043060766144,0.16143875183859052,228.77991273,157.69428378,210.53986194,107.38455624,359.88218004,291.13165491
sample034,1.03479,8.588757000000001e-05,0.16917799080836363,0.17462771686261613,0.17125029626729216,0.16742336667695884,0.16305745085837112,0.15446317852639804,142.69297318,234.73377605,248.86802979,267.68989469,114.48316549,39.17583669
sample035,0.994387,8.8500443e-05,0.1743264818675142,0.15684681876555945,0.16557394212114598,0.16383005324896102,0.156048095165889,0.18337460883093037,123.90002075,32.95726184,308.54932243,85.95533952,24.30664074,235.4504243
sample036,1.01373,8.718078e-05,0.16341939426173194,0.1677794254348602,0.17842956459141288,0.17939798344802185,0.1546224937171895,0.15635113854678362,90.09216742,104.71556464,140.32315713,174.44859181,5.59286589,16.07721408
sample037,0.986656,8.879904e-05,0.17917741238756607,0.16143948475434622,0.16041815567377327,0.1600163552068613,0.15707490131436347,0.18187369066308945,133.16120043,58.12891051,357.75556297,32.6730237,3.23158518,255.15293255
sample038,1.01367,8.717562000000001e-05,0.17933229744859852,0.17916449090590303,0.1533166650447841,0.17432704064098495,0.16121067491303848,0.1526488310466909,211.45290755,219.99827353,31.45668523,203.66199583,309.14506784,0.83768459
sample039,1.01351,8.614835e-05,0.1568201029862598,0.16305897920463597,0.176873427718715,0.17297184725395787,0.17161987892199243,0.15865576391443909,346.45497089,300.01060536,186.77331961,266.96516687,137.48546462,60.03637721
sample040,1.01582,8.634470000000001e-05,0.1632796863950159,0.17099092114806558,0.17084605321702145,0.16059259931522207,0.17530766593156843,0.15898307399310663,91.89311662,129.12541188,262.83600913,306.91338945,202.67182555,61.36215505
sample041,1.02207,8.687595000000001e-05,0.15980377808805007,0.15678303366617635,0.15427116702531496,0.17170480114707937,0.18140260022942012,0.17603461984395902,308.86853863,52.60515647,3.1188082,144.27310926,222.68020655,232.96632056
sample042,0.994903,8.755146399999999e-05,0.15485617778962116,0.18149031970348706,0.1740827781477039,0.15632212009817792,0.15780714261767773,0.17544146164333219,16.46306987,193.46855451,274.85715814,356.22716983,31.13558607,256.11667003
sample043,1.00693,8.760291000000002e-05,0.15407453851204994,0.17749538188168684,0.18273497745090572,0.1543029149419321,0.15790308252504887,0.17348910468837642,27.26473296,147.20828028,184.57549129,17.62377398,49.81403708,251.18090212
sample044,1.05112,8.514072000000001e-05,0.1716437485259262,0.17109951550140445,0.1686807487092965,0.15032660804064668,0.16911319616561854,0.1691361830571075,170.53220848,236.30858026,215.2090704,1.9375746,219.57325207,143.08534479
sample045,1.01606,8.63651e-05,0.16126000091164266,0.17653672492801642,0.16168994266449294,0.15892061509467237,0.17015863434226047,0.17143408205891514,303.41781217,194.09743139,83.67137161,315.13935975,139.19038143,261.72194197
sample046,1.00779,8.767772999999999e-05,0.17594509824385213,0.16833471773231168,0.1575534077173328,0.16935932980831991,0.17148704125565983,0.1573204052425236,233.25519622,283.95446407,57.29374614,121.03766286,268.74231972,326.64481938
sample047,1.02626,8.620584e-05,0.1633959060237422,0.1722196639284007,0.17988852309951564,0.17343312060822041,0.15482635974792663,0.15623642659219428,289.29646816,150.17347886,228.01289483,161.81808658,340.20587668,50.70943499
sample048,1.03183,8.667372e-05,0.17412044939915167,0.16319476894809953,0.17286397124659203,0.16747525030490099,0.1527908373942648,0.16955472270699096,168.68772358,284.97237179,191.23396007,265.65600568,29.23895723,138.1032244
sample049,1.02175,8.684875e-05,0.1619798936903621,0.15497193112839508,0.1553196560811398,0.16957393934077164,0.18036338424424084,0.17779119551509068,298.68530109,23.22584678,43.01293653,265.35497177,183.36979007,176.75980953
sample050,1.00392,8.734103999999999e-05,0.1593440548620511,0.1550051898939478,0.17734226190189062,0.17676329634964416,0.15634385344078233,0.1752013435516841,330.79446838,18.32039509,158.64839412,252.93046968,334.37848666,179.34323871
sample051,1.02616,8.72236e-05,0.1769020080250272,0.17451978779875887,0.1720980485372578,0.15609294578829877,0.1545364710098051,0.16585073884085239,166.94486851,249.53341267,249.24255356,53.77809531,5.92566396,111.51810691
sample052,1.0213,8.681050000000001e-05,0.16124358061977367,0.17902419582950568,0.18210921318047285,0.16594869378183152,0.15462309475023786,0.15705122183817827,300.12909723,190.18422746,173.66072063,111.10312627,9.65103144,57.44448785
sample053,0.97558,8.877778000000001e-05,0.15964836135494162,0.1695782962638557,0.18380876387478484,0.1580381251833402,0.16092180685310764,0.16800464646996985,347.41305847,300.6957641,244.03406281,11.05989431,36.459498,88.46217014
sample054,1.02613,8.619491999999999e-05,0.1735822006942502,0.1643825836335826,0.15876205330871634,0.16651911397842245,0.1713110615007325,0.16544298688429598,162.12127166,99.90074701,77.5622632,276.59491393,248.43295475,280.9466999
sample055,1.00412,8.836255999999999e-05,0.17870207967927837,0.1612085346536144,0.1699065386389763,0.16607635420038436,0.15662773429056578,0.16747875853718075,240.84077534,312.47056027,132.25149306,297.59286759,343.76290336,108.87279471
sample056,1.02254,8.691590000000001e-05,0.15584349008614046,0.17027566056548044,0.1582474777630612,0.17317769563659963,0.1681982786712578,0.17425739727746076,47.52761466,161.60508004,314.36909377,202.71623561,275.44769282,204.22991031
sample057,0.975692,8.878797200000001e-05,0.16319621856462313,0.16694158205772447,0.15891192907527274,0.16885677094655122,0.16887043779989058,0.1732230615559379,323.61593942,307.48666914,0.23314918,299.3783002,301.11560479,284.06409144
sample058,1.02515,8.611259999999999e-05,0.1726872666347433,0.17601619901501533,0.1543566571115844,0.17180700530172338,0.1734443677595641,0.15168850417736934,149.44171974,168.40045022,50.67694948,252.18077009,179.19961373,13.32019946
sample059,1.03383,8.580789e-05,0.15577670156996526,0.17251277474181978,0.17451120282163668,0.1723177036091733,0.1590142937952035,0.1658673234622015,320.09820483,212.14637634,240.04449854,224.02245022,302.76824274,262.63252389
sample060,0.985006,8.7665534e-05,0.1633034364670889,0.18420415690587666,0.17221564842908282,0.1589819103219859,0.16179045751394316,0.15950439036202246,315.69866851,156.36026617,103.11536586,31.95994959,49.31276087,33.5145953
sample061,1.02746,8.630664e-05,0.15832372046079735,0.17550817015897724,0.1784831567804547,0.16155799345483945,0.15476103916743852,0.17136591997749262,307.13270394,206.15886809,221.2151242,98.42320813,41.16496967,218.02416942
sample062,0.97382,8.959144000000001e-05,0.1619210302730244,0.18348297499654564,0.1585554130742523,0.16248657591296042,0.17213787249221507,0.16141613325100224,331.64930679,169.471244,9.65163109,61.86730873,295.03225568,56.55532236
sample063,1.02703,8.729755000000001e-05,0.16563135525068598,0.18083648952507408,0.17442616927076765,0.15559137034700554,0.16959191410270452,0.15392270150376208,114.99323558,180.38547472,166.95565332,324.1228366,169.35403338,26.40506838
sample064,0.975922,8.783298e-05,0.15786140584060343,0.18265298181032585,0.17485415277372962,0.159307942621616,0.16481908316752641,0.16050443378619855,17.31702609,255.39699854,285.00810992,34.41538999,67.65422698,6.80837603
sample065,0.988982,8.7030416e-05,0.17827765715484634,0.1606682329230666,0.16590454114651743,0.1612016685954218,0.1752262755294592,0.15872162465068873,252.23929496,59.68667121,301.61424565,63.15174494,265.60706408,51.88979004
sample066,0.966396,8.8908432e-05,0.1655765955811225,0.16422240845073316,0.16242579946505012,0.16432252639745892,0.16840292737956625,0.17504974272606896,319.26491754,326.95089035,53.05882127,325.21590135,308.53337036,285.25405815
sample067,1.02459,8.606555999999998e-05,0.15817301567078607,0.17026298466895995,0.17240869325179428,0.17348398946787277,0.15369940969125578,0.17197190724933112,65.62325616,143.50414193,260.16656668,194.27612525,343.06789625,230.71330944
sample068,0.97927,8.81343e-05,0.18780863182484647,0.16619531532499943,0.165985420490222,0.16003847241204922,0.16257487323684816,0.15739728671103462,216.64012303,81.05586598,308.70881693,6.03428246,328.4428214,2.42227685
sample069,1.00151,8.813287999999998e-05,0.1800532469792579,0.1604533973553423,0.169073848481459,0.16892577995842328,0.1574805959191845,0.16401313130633294,198.89279315,64.4081864,118.75574109,283.96346165,334.74910542,302.17869053
sample070,1.01647,8.639995000000001e-05,0.18427685854023695,0.17438897727722802,0.15402317232302815,0.16185033547653854,0.16000782737666625,0.16545282900630215,195.04133401,146.91370712,354.66610918,86.89487321,68.86097373,100.4667215
sample071,1.01971,8.667535e-05,0.1657934737827525,0.1670223696293072,0.17024644173052428,0.1556448342221537,0.16362147182140005,0.1776714088138624,284.78550336,114.43040313,132.55544945,338.36541243,97.29189556,186.50331749
sample072,1.04454,8.565228e-05,0.1620567030546884,0.16719805888255052,0.1686393895550633,0.16438444521775025,0.16558955457690425,0.1721318487130432,282.75455543,254.79732913,251.59045486,120.60727631,118.98659223,210.61094157
sample073,1.02266,8.69261e-05,0.15503393815808114,0.17791851645875478,0.17727853367553817,0.16880779102063773,0.16556270435608056,0.1553985163309074,344.08738248,195.62105007,162.74385192,272.04743034,122.20091536,348.87108941
sample074,1.02835,8.63814e-05,0.16574757421780184,0.15274158286333467,0.17166544492883423,0.15819775175603476,0.17411574810739733,0.1775318981265971,272.21855396,356.98544414,192.68328411,68.75025167,158.02930989,213.52997474
sample075,1.03175,8.666699999999999e-05,0.1547255161037846,0.16170217466315445,0.17303994176211676,0.18068776667816838,0.17518714811105596,0.15465745268171988,345.16019882,290.86261039,161.10599137,191.61571826,197.98971364,331.73716607
sample076,1.04743,8.588926000000001e-05,0.1747943139454332,0.17121459784961124,0.15161693440333607,0.16292674382810735,0.17146327227647223,0.16798413769703985,210.21675735,208.16939435,38.33271593,273.08978798,218.89698972,138.14740329
sample077,0.987736,8.790850399999999e-05,0.16081542604840093,0.16757704810273505,0.17025377718328732,0.15752246218196037,0.16707073098948844,0.17676055549412778,326.82247636,301.0748226,114.70981408,4.08022793,86.28212099,132.25421012
sample078,0.998069,8.7830072e-05,0.1605448510957626,0.15731492552410642,0.17493524587116782,0.15641569470632835,0.17000293079434903,0.18078635200828577,64.62008338,350.88296238,153.40516076,26.22302948,107.46219309,145.66961202
sample079,0.980527,8.824743000000001e-05,0.1619463410044038,0.176507504089736,0.16712681882180236,0.15977184370953518,0.1597758826854343,0.17487160968908838,58.69775004,274.89518154,87.57522329,33.0216957,16.29452136,122.96546131
sample080,1.02236,8.69006e-05,0.16864795976055677,0.17365814288263842,0.15954350650391652,0.16093866270758406,0.1635187620958748,0.17369296604942958,273.25374098,239.00604355,75.18411942,91.07800652,292.60624712,230.74992238
sample081,0.999185,8.792828e-05,0.15586564650528106,0.1835461167453093,0.16934085958897888,0.16345780367848847,0.17043393574428944,0.15735563773765293,23.08287571,199.03830322,100.73960759,85.55457569,280.66695141,39.17042449
sample082,1.00017,8.801496e-05,0.16436383951629008,0.17747945231421863,0.18180397834874767,0.15511264642485761,0.16113222741390115,0.16010785598198485,84.41537973,131.59319342,231.94167654,9.4778903,324.06570253,54.45744363
sample083,0.944414,8.971933000000001e-05,0.16353436815382066,0.16649874711025608,0.1695049483805866,0.16394858702867587,0.16645581250077862,0.17005753682588215,13.77135298,339.43303253,71.52526874,5.0191389,54.18158974,323.42786773
sample084,0.995867,8.7636296e-05,0.17920570161913346,0.1564012665966822,0.16441505861824054,0.17292031765918145,0.16238783774926585,0.16466981775749634,214.42146991,349.65229727,84.72986734,125.23951161,311.63866621,304.31553636
sample085,1.00931,8.680066e-05,0.1750877799864003,0.17359453356213672,0.1546113903819316,0.17257175465297006,0.1689673890422368,0.15516715237432432,158.02629785,261.97186645,350.5124359,132.87646192,112.02116344,344.35941247
sample086,1.03124,8.559291999999999e-05,0.17146020124076547,0.15424084999822285,0.1672722079636892,0.16201835416918958,0.1683624376962174,0.17664594893191538,163.173777,335.90276637,265.84252791,96.37642755,126.64724674,235.30113179
sample087,1.02291,8.694735e-05,0.15582648787917852,0.1757221226194272,0.16294806416266938,0.1766766415520622,0.1714268934331133,0.1573997903535494,42.7046523,189.42636766,93.1407739,222.59981968,259.26971772,72.7865989
sample088,1.02995,8.651579999999998e-05,0.17507591452286644,0.15858847991834857,0.17519483460181418,0.17334111770510863,0.15667276827355925,0.1611268849783029,187.01860661,78.56365341,229.04172484,174.99873391,313.771205,93.72057677
sample089,0.984341,8.7606349e-05,0.16681187530035713,0.1644579612362095,0.16447946162170385,0.18590054418664148,0.15874534122300243,0.15960481643208557,91.50637034,311.77574535,77.71614658,201.06252097,340.54552688,42.25316664
sample090,0.997162,8.874741799999999e-05,0.18523242399327566,0.1772196576384079,0.16139592057522018,0.15867918325128527,0.15819429066238963,0.15927852387942143,229.95386388,129.43734918,69.30719333,7.4008622,359.44739187,59.25619394
sample091,1.0103,8.78961e-05,0.18160317453220548,0.17757209518401676,0.15991122619457462,0.16108690000875048,0.16030361424954132,0.15952298983091118,196.56709729,155.89671092,311.95443903,78.23278084,73.78776245,313.85902667
sample092,1.03513,8.591579000000001e-05,0.16696582782155164,0.17240354988746515,0.16685062004421897,0.17488413062818953,0.15848041366819118,0.16041545795038348,126.08859162,144.44234075,115.57229945,217.43764663,80.79627728,296.42957378
sample093,0.983394,8.850546e-05,0.17522211344921737,0.18071351346650266,0.16518022104534785,0.15958554404953382,0.16087215777678368,0.1584264502126147,279.07409133,153.3500236,310.69850842,17.54373609,42.35397056,357.96177588
sample094,0.998213,8.8840957e-05,0.1754129620769223,0.1598074767870769,0.15809296123921113,0.15788202986010763,0.16347385938373457,0.18533071065294754,265.42117869,324.02551561,26.71159147,354.15041957,84.19381086,217.72139841
sample095,0.977815,8.8981165e-05,0.15842082271261115,0.1599009381943632,0.17065446345732468,0.15762151047676937,0.18473697455548016,0.16866529060345148,23.32731437,12.76081841,293.28997198,353.00232154,224.37208392,303.57080483
sample096,0.993734,8.7448592e-05,0.15865052220745096,0.1830888157646065,0.1710694588287131,0.16862521909386124,0.15910409914759932,0.15946188495776872,337.65735247,168.71922185,106.99064176,290.05379849,38.22568396,47.5519783
sample097,0.999931,8.7993928e-05,0.17318893149772674,0.16979105519198343,0.172013821825856,0.16425915470602415,0.16033820471536206,0.16040883206304746,268.6952722,109.07606374,113.5160434,78.44894396,63.85603853,324.56580914
sample098,1.05739,8.459120000000002e-05,0.16504747718186058,0.17097168653585562,0.17244524198400202,0.1705837224601212,0.164054659827559,0.15689721201060142,248.15471785,203.98839623,199.72777603,195.86702085,255.62394124,297.63500069
sample099,1.01908,8.662180000000001e-05,0.16970223981696347,0.16360385337592975,0.17606288429431355,0.17149266973197103,0.16352847703994872,0.1556098757408736,265.6724535,99.90246751,246.6448039,126.37211183,96.00194992,27.36793782
sample100,1.01998,8.669830000000001e-05,0.170292870101442,0.17230925328132055,0.16449498326334885,0.16159556074169343,0.15423015663461292,0.17707717597758227,125.30092669,254.01441668,291.18175788,301.37090255,25.23268969,219.44929664
sample101,1.05332,8.426560000000001e-05,0.16747114260835383,0.16057607042857547,0.1642791217976155,0.16504319507626214,0.1704525224518861,0.17217794763730698,243.75616035,283.52551092,133.96371153,122.40863705,157.27683061,214.50317612
sample102,1.00533,8.746371000000001e-05,0.17211930409229378,0.1633208906566868,0.1664140017476704,0.15993946319839097,0.17883997681478184,0.15936636349017613,142.09659788,306.13323538,112.87054557,60.60470798,221.28520261,58.59906262
sample103,1.03713,8.504466000000001e-05,0.1732276968168714,0.1687274549703096,0.1526525754196411,0.1682656853143587,0.17114539103575888,0.16598119644306036,235.09766646,148.23623127,30.53448662,256.67918106,169.45237226,271.3264836
sample104,1.03365,8.579294999999999e-05,0.15419015144768033,0.15827989617924348,0.16845490285888776,0.17775116522683224,0.1730767925832623,0.16824709170409388,32.96705058,312.54190193,135.10797782,199.9483664,248.44221906,142.98408334
sample105,0.998757,8.8889373e-05,0.18306302515500394,0.1580102074477104,0.1602778605750065,0.16082833380146302,0.16510898037487193,0.17271159264594416,223.32454951,334.59706433,328.75965423,68.05706636,299.19811119,122.01524952
sample106,1.00361,8.831767999999998e-05,0.15718857003709644,0.16622945239394646,0.18282015852893657,0.17881995874938,0.15751717739781557,0.15742468289282513,359.74532933,291.39751055,196.27352507,249.29489226,51.42032515,17.52728407
sample107,0.981015,8.9272365e-05,0.15736353722514806,0.18248584057632142,0.16139476017661686,0.16038984213427362,0.16076097847862597,0.17760504140901406,30.0551243,184.72503687,332.83416067,336.87547492,339.16614986,259.57186094
sample108,1.02476,8.607983999999999e-05,0.15413131655230713,0.1667869019459341,0.16756911572934527,0.1733727302546488,0.17752476752527419,0.1606151679924904,16.09579304,119.13966416,110.23117444,134.49889175,206.10684541,303.40269628
sample109,1.00501,8.844088e-05,0.1600473065036467,0.16441316134205708,0.16929783886806768,0.17913862991552854,0.17108513315036705,0.15601793022033283,60.13930445,95.04286883,281.88921353,235.5598833,273.90564709,23.20829708
sample110,1.05057,8.509617e-05,0.16826749096246157,0.17411577968286548,0.17121853463475564,0.16756810884806633,0.16578424313951956,0.15304584273233124,154.23460096,196.30488208,233.92435474,149.39462689,253.70687143,49.30188257
sample111,1.04028,8.530296e-05,0.15456927016602212,0.1546615537825129,0.17234086390092213,0.1753449744678487,0.17241273358172393,0.1706706041009703,53.46138209,56.53051668,227.22487585,224.06627185,160.25125421,238.94193664
sample112,1.05001,8.610082000000001e-05,0.1649061962891125,0.15686823115460846,0.1680567247152937,0.1679230595347459,0.17291766066507192,0.16932812764116748,125.69767117,78.38024623,244.83415218,139.52286326,166.69273899,139.67807447
sample113,1.00242,8.721054000000001e-05,0.15848402468768458,0.1573804468025224,0.17317660616685465,0.17973001897153545,0.1537811792149945,0.1774477241564086,42.70169976,45.5314529,118.41126483,165.91718897,0.1352003,214.10750401
sample114,1.00225,8.819800000000001e-05,0.16010433951345185,0.1770344360944746,0.17240112669591617,0.16017454770716866,0.15717910595527257,0.17310644403371636,318.28514812,146.39927467,112.86782841,64.44794789,355.04659714,151.90517131
sample115,1.0309,8.65956e-05,0.17934960374166406,0.1739342261930206,0.15229118662819285,0.1671893854884811,0.153630887790291,0.17360471015835027,214.93878488,219.9450864,358.21673616,161.10347507,339.28208028,224.73437444
sample116,0.962406,8.9503758e-05,0.16677041040775617,0.16141565557151002,0.16268589094251945,0.17036701836543616,0.17282125817180555,0.16593976654097253,322.72074302,18.25252384,344.52623936,307.6408545,106.81738283,323.10983305
sample117,1.05068,8.510508000000001e-05,0.17065719025599688,0.17353923798729387,0.17192963002747855,0.1693732000327193,0.15091053786568864,0.16359020383082284,150.92675638,187.70509422,231.54738791,203.69990699,354.58572329,127.66196283
sample118,0.974835,8.8709985e-05,0.1779743666577973,0.1587379690079836,0.15866144766392434,0.18594457696395789,0.16001583185186774,0.15866580785446904,270.86388072,358.97207717,353.28004134,229.20743036,40.7660203,21.2819096
sample119,0.971437,8.8400767e-05,0.16833678508145133,0.16115381823397606,0.1668170611396716,0.1811988469295476,0.1595873032809682,0.1629061853343852,81.09072077,41.15453339,313.28420598,149.54607445,352.32158981,50.37328305
sample120,1.03468,8.587844e-05,0.1751804016291456,0.15678724166445485,0.15390290852868146,0.1745664753326465,0.17062130123412084,0.16894167161095086,212.1435669,68.20338262,39.12446834,191.85744364,132.64970084,127.10067319
sample121,0.969887,8.8259717e-05,0.16633201127563096,0.1647053746680145,0.16072056721636896,0.15923570418860836,0.1854586947415406,0.16354764790983684,314.94097749,331.72268542,37.0095238,25.62786882,248.77480324,66.95371769
sample122,0.967923,8.8080993e-05,0.16978116582754663,0.16988246782596078,0.16052946303602636,0.1755550518989699,0.16264926472452412,0.16160258668697225,91.25586301,304.22572141,44.49236809,285.15771879,51.4373211,37.45154341
sample123,1.02277,8.693545e-05,0.1629074638155577,0.1713012607132356,0.16490688943043572,0.1530612135631131,0.1754319292593966,0.17239124321826144,89.24482238,128.46563626,106.96232227,13.28736059,231.6279441,134.88211741
sample124,1.01695,8.644075e-05,0.17071675531502245,0.17165925603008386,0.1586692677460697,0.16846173032987205,0.1746551841659024,0.15583780641304967,137.98725535,263.66318155,314.6579636,127.42808212,248.34459602,48.28641346
sample125,0.979562,8.9140142e-05,0.1577174362197506,0.1578921439261618,0.18295456123841503,0.1598978100985829,0.16081388615915632,0.18072416235793334,16.42212837,8.24651953,182.38277147,337.45488172,333.00739792,249.89797722
sample126,1.05944,8.47552e-05,0.17173748031759806,0.1708992651105767,0.16972942542105546,0.1628391674311471,0.15699465000666268,0.1678000117129601,199.00007334,176.68087774,210.85220509,260.60842174,294.25600714,220.04478621
sample127,1.01544,8.732783999999999e-05,0.17285547586869004,0.1592005115480614,0.15309775083257893,0.1784675741122056,0.180454789026303,0.1559238986121611,246.72292184,70.92140648,13.20030706,176.03910581,216.9014472,56.91796769
sample128,0.969749,8.8247159e-05,0.1621079961974511,0.1617487303953642,0.16855158101575157,0.15976056679733963,0.18660591868248927,0.1612252069116043,342.88354061,357.98488283,94.34084628,348.813808,190.22166683,342.77303507
sample129,1.02578,8.616551999999998e-05,0.17909299894266012,0.16194761730636278,0.15768104467258354,0.15501654392879852,0.17451896760456065,0.1717428275450345,202.50797479,88.92625313,66.45144526,33.55484586,168.19862239,125.97930525
sample130,0.996296,8.8670344e-05,0.15916607830384188,0.1587469203262403,0.15571201388913591,0.1857535016886525,0.18523138695472133,0.15539009883740798,32.40300708,11.74390771,21.10301213,169.61106534,167.22375237,12.52105911
sample131,1.01592,8.63532e-05,0.1547680026875055,0.1683365993990439,0.17965537007857224,0.15731046820718322,0.17420645267937368,0.16572310694832154,35.4331158,114.08922018,191.49119057,57.9892423,147.69017251,101.6513563
sample132,1.00462,8.840656e-05,0.1608582539263554,0.1574260092231136,0.17326003815389956,0.16202996307220813,0.1780154082643938,0.16841032736002964,82.42540651,340.89994853,157.71756154,308.15170044,193.19645378,287.31781173
sample133,1.01975,8.667875e-05,0.17885847865663765,0.18220698008827108,0.16326837714525827,0.15489037534055958,0.16336465891545282,0.1574111298538207,192.48930953,177.78036394,97.19619631,19.47335116,110.01451281,318.43448797
sample134,1.04586,8.576052e-05,0.17201777932074308,0.16804537743530656,0.15481067648126765,0.17106327918699146,0.1738464866931822,0.16021640088250905,165.77509984,153.80328585,312.24543739,188.99454679,189.68941618,96.0081743
sample135,1.03942,8.523244e-05,0.16788521877211104,0.16236222625096314,0.17274449723686636,0.16164558831390008,0.1615350925470711,0.17382737687908828,139.57103183,284.5663549,204.54166019,105.84623278,287.63511102,201.12366564
sample136,1.01232,8.705952000000002e-05,0.16712631717552423,0.18249250992691193,0.16375321919237176,0.17138576184987706,0.15857173027528584,0.1566704615800292,105.04365019,213.14721889,94.28951109,260.65171909,329.91477882,49.68676268
sample137,0.985888,8.872992000000001e-05,0.16159169639843401,0.1730578898619155,0.15948968690456833,0.18289760934347382,0.16215167077739262,0.16081144671421593,48.15566076,127.95814217,329.78166741,224.25406013,60.00434796,54.41601702
sample138,1.01685,8.74491e-05,0.15262409053991305,0.1785315560510377,0.17477558362618137,0.16018507536039325,0.15994104565770206,0.1739426487647725,19.89112583,198.3530927,136.54363703,77.93754711,70.62422057,227.51083356
sample139,1.04216,8.545712e-05,0.1671353524741938,0.16760862651906255,0.173334746721388,0.165638532333625,0.17058159336298284,0.15570114858874784,162.13071087,263.07174521,192.139034,117.69650011,224.57977802,316.82479961
sample140,0.969783,8.9220036e-05,0.1683006773790761,0.16178035792205625,0.16791335659155082,0.16859311059305393,0.15911836201502683,0.17429413549923617,87.36547369,40.89590807,75.20855528,84.31526401,17.17097104,289.42639688
sample141,1.0002,8.80176e-05,0.15484251431227591,0.15799757744837928,0.16167525051239895,0.15451951457631452,0.1854265049102285,0.18553863824040295,354.33580908,1.33157586,75.10434661,10.02875356,196.04266094,202.13734875
sample142,1.01137,8.697782000000001e-05,0.1608742064945288,0.15669519402289417,0.15602054656968295,0.17716401064057138,0.17072629310113374,0.1785197491711888,74.43608367,30.39466317,16.21637528,160.60229943,113.00199792,238.6756752
sample143,1.00687,8.759768999999999e-05,0.16060534505113608,0.15441252885506074,0.17879895235746351,0.177365118594755,0.1534673535240726,0.17535070161751187,320.20690438,356.01224873,155.62414108,149.31194413,8.17224446,229.20797869
sample144,0.983141,8.848269e-05,0.17646969913130317,0.1624503713665838,0.16460319276091787,0.1778340515929008,0.16039378428551296,0.1582489008627814,130.99029142,63.24649354,313.49137685,140.7980517,45.34353541,2.58458829
sample145,1.01834,8.65589e-05,0.16166033402836127,0.17674439438886147,0.1645528731054619,0.17659937376199147,0.16423431715766384,0.1562087075576601,86.09335727,206.56115836,289.51926629,225.01192836,102.87654079,333.05447055
sample146,1.04381,8.454860999999999e-05,0.1717763256727008,0.1727470837640947,0.17049656035339017,0.1522647113323145,0.16627092612793976,0.16644439274956005,159.68189601,237.37410745,224.92505185,29.6688231,136.12996371,119.26880804
sample147,0.982425,8.841825000000001e-05,0.18466527164513807,0.16402956245498118,0.17035800672180834,0.16244669408675172,0.16036508857290427,0.15813537651841664,172.94602351,72.34346772,290.35207831,60.45934326,46.71457951,18.74799744
sample148,1.06181,8.388299e-05,0.17102711747934518,0.17042734742086313,0.16819859811469734,0.16269356953113667,0.1598864069638235,0.16776696049013434,214.26932547,193.81063462,234.78154501,126.82941688,104.64279519,156.38645312
sample149,1.01194,8.702684000000001e-05,0.17763401568632553,0.181001407801888,0.15948795834793011,0.1709646436099314,0.15662903102403528,0.15428294352988955,155.03403442,189.4151569,312.02901912,153.50997903,348.25892243,15.2534161
sample150,1.02429,8.604036e-05,0.17320465452949793,0.15757393593686078,0.17584933601310254,0.17708089265186708,0.153525324273101,0.1627658565955708,231.87280122,310.73842434,222.1091498,198.35275412,35.78157933,100.19880441
sample151,1.01834,8.554056e-05,0.1533264095513971,0.17021392860748144,0.17300293947051887,0.15861538191729446,0.17953045038231938,0.16531089007098873,5.7819333,138.24752539,255.38688257,72.10647394,202.99064724,103.45782309
sample152,0.984315,8.858835000000001e-05,0.15800699850168165,0.17175962142461026,0.1628863819270166,0.16260596132425192,0.18425592541396402,0.16048511140847552,354.13444796,112.81169975,64.6107309,61.75387703,166.22838157,51.95760792
sample153,1.03108,8.557963999999999e-05,0.17196083300692766,0.15820415188003337,0.1707604753028616,0.15837143039042614,0.17469631624682255,0.16600679317292866,174.11290675,308.84858798,184.09821825,70.85781327,181.04547629,107.50134797
sample154,0.997011,8.7736968e-05,0.15709370588404561,0.17971972799984196,0.15880830929302378,0.1558501379284576,0.18195153628207755,0.16657658261255354,335.44107955,210.55712824,50.72190976,22.23722334,172.31831585,96.64342997
sample155,0.982749,8.844741e-05,0.16401440220688135,0.16542618503282186,0.16761183479710168,0.16260369494305116,0.15741970068397146,0.18292418233617252,313.36134096,307.28010134,303.66128866,74.75298876,18.69030651,206.68918038
sample156,1.02657,8.623187999999999e-05,0.17458919469584494,0.15707473875491956,0.160939608729523,0.15573443607271054,0.17574740020948557,0.1759146215375162,172.29144909,319.30194055,299.8151542,327.48499611,188.60289565,142.18326615
sample157,0.996077,8.7654776e-05,0.18057533943120319,0.16865832695813146,0.15563992859773892,0.17505220367331836,0.15766496747144468,0.16240923386816342,196.61699188,288.47653332,18.20446645,157.18477308,343.67785692,311.62915879
sample158,0.989552,8.807012799999999e-05,0.1587020948009594,0.16749402533087157,0.16397738253412247,0.1665454117992166,0.1854796127896744,0.15780147274515555,343.83010299,95.93182385,75.15962196,83.45749846,191.40635793,37.29036483
sample159,0.987335,8.886015e-05,0.17617740041882823,0.1593841709447023,0.16738922471470397,0.18195793705351293,0.15725350706083152,0.15783775980742093,264.98587974,49.80780511,86.78134594,151.79097074,24.60642442,24.54916353
sample160,1.01159,8.800833e-05,0.17283039227550007,0.15330315977239853,0.17771582857029436,0.18036460537579396,0.16019753459512512,0.15558847941088777,169.42403811,5.05969376,159.55088497,174.56390799,309.88086561,21.10145816
sample161,0.997373,8.776882399999999e-05,0.15811660565897082,0.17476776353565554,0.17384874803773193,0.15713744854745093,0.17955402465203668,0.1565754095681542,335.24151567,268.81810117,136.05022434,38.82656951,206.92418273,16.28046243
sample162,0.989798,8.710222399999999e-05,0.16398771940935633,0.16250262272297022,0.15824120951582057,0.18028091463343704,0.15570723906006778,0.17928029465834805,314.39437717,81.48537315,25.87258505,209.3112944,354.22090932,231.73901985
sample163,1.01464,8.624440000000001e-05,0.1708237482361996,0.1633920554154017,0.15564362680121435,0.17563250951383247,0.1581341129687433,0.17637394706460854,120.46904776,95.94536747,26.82319164,197.57025716,62.53862563,240.31355953
sample164,0.985336,8.868024e-05,0.17184655076661348,0.16679235814554869,0.15929088591673218,0.16253795484299743,0.18336416586949106,0.1561680844586173,283.07325031,90.0422914,41.20566006,62.069471,224.54197301,24.39121028
sample165,1.01826,8.65521e-05,0.17421620200119,0.16866926320132436,0.17210822247340812,0.1562986424027919,0.15859980632545168,0.17010786359583396,246.1196908,275.85326657,154.0119023,39.93964454,70.96872162,268.47582291
sample166,1.05338,8.42704e-05,0.1675167409382962,0.16971171976596383,0.1688571460859542,0.17352010272881796,0.1693543830306592,0.15103990745030876,180.95592149,238.93058605,154.25536838,201.204952,210.84950138,339.87901009
sample167,0.987992,8.7931288e-05,0.1573525079197864,0.16815152110114717,0.1830504609844781,0.1590175003626108,0.1662588327789824,0.1661691768529951,30.87784676,296.9026482,226.54672151,53.44888634,303.69441972,92.41026183
sample168,1.04122,8.538004e-05,0.16829862032771686,0.15474390856876075,0.17276641246091373,0.17690245907931626,0.17236041117200085,0.15492818839129152,229.60736104,59.32292458,182.8612417,192.51936074,219.90376311,63.95273523
sample169,1.03345,8.577635e-05,0.16787811412352904,0.1583815800560263,0.16121228791445333,0.17236479934393373,0.16952337352885435,0.1706398450332034,134.49879117,70.8041005,88.86777238,162.7281388,260.09624884,253.54871856
sample170,1.01186,8.803182e-05,0.16642399815993225,0.18327100125174817,0.18195605923366964,0.15577020175423476,0.15653288940209925,0.1560458501983158,283.25164538,199.06221553,187.41234368,39.11272596,3.05707849,33.48653267
sample171,1.05321,8.42568e-05,0.16781769517175835,0.1705713304150927,0.16001769157539675,0.16096157876489375,0.17273051442377613,0.1679011896490824,248.54649213,216.77021799,101.90666276,103.65775827,191.96239314,148.02110214
sample172,1.01268,8.709048e-05,0.16138613598278437,0.17137036704371456,0.1544485468606418,0.18059522297343622,0.17296575636962563,0.1592339707697974,310.42406497,252.08927816,38.64588318,200.05189686,134.84537242,311.83991622
sample173,1.00787,8.667682000000001e-05,0.17461919620247732,0.15555314729134656,0.15639834072980419,0.16942378344506726,0.1647351433942505,0.17927038893705416,133.9897801,354.52234467,17.04060931,275.33355124,295.94516471,159.22668487
sample174,1.01174,8.700964000000001e-05,0.15833371983117772,0.1690586351881498,0.1566791891968255,0.15365725584398066,0.18097652278817944,0.1812946771516868,60.14570588,131.01137066,346.61918307,8.46463718,186.10194084,167.81109864
sample175,1.06144,8.385376e-05,0.16061570663734728,0.16698344919126432,0.16802111580851828,0.16908968718620537,0.1652368587982448,0.17005318237841988,106.49813502,160.05322097,239.5812055,174.82551613,130.48962506,183.66594071
sample176,1.04115,8.641545e-05,0.16651064534352886,0.15208164789873335,0.17045134459942524,0.1709413896197956,0.17296311664395642,0.16705185589456045,135.86284468,357.19745585,193.01494642,250.60779195,230.76973971,123.72862077
sample177,1.0255,8.6142e-05,0.17485018237700536,0.1733283448823596,0.16654068498884902,0.17213797682741716,0.15571144817738392,0.15743136274698497,169.73110517,247.49954403,277.03253857,188.02316302,333.53075721,65.44697685
sample178,0.993596,8.7436448e-05,0.18454572799731633,0.1583914674617179,0.16638195063676547,0.16086459255050223,0.16331450534930964,0.16650175600438827,179.82714748,51.35839513,295.53797494,328.86583831,307.42440026,92.2201074
sample179,1.01764,8.649940000000001e-05,0.16481783429265678,0.16382251251790117,0.17431522660283266,0.17176283834686315,0.15787059475638943,0.16741099348335692,290.59443448,291.07223345,165.04446099,262.25912661,71.91359374,276.00331431
sample180,1.04491,8.463771e-05,0.16977492306692998,0.16216810029771,0.16755244139785055,0.16919085181023666,0.17222290593136574,0.15909077749590714,176.87028953,282.57374774,160.17457445,252.34637044,201.13698218,86.0262093
sample181,0.986961,8.7839529e-05,0.15893929861083592,0.17617737675938175,0.15885339064253895,0.18111343384780393,0.16525922568356163,0.1596572744558777,42.11764287,259.39102138,331.67501861,212.91942241,309.75556978,335.39173206
sample182,1.03003,8.549249e-05,0.17632937862977727,0.17225566337902154,0.15609146112266992,0.1537619448459148,0.1657918671812546,0.17576968484136185,235.10239556,246.33417872,63.03197838,13.16192635,275.56114087,189.79946152
sample183,0.964955,8.877586e-05,0.16071931791131505,0.1712362994852669,0.16066962030257265,0.1607009561841912,0.18218274756308545,0.16449105855356866,20.12638295,305.62416812,9.78867244,352.32219429,135.10497146,54.68746484
sample184,1.03466,8.587677999999999e-05,0.17322072512531106,0.16733546678867878,0.163140807525675,0.16979851656151376,0.15267440101334734,0.17383008298547398,158.53408601,262.45106366,285.59922191,209.73212229,341.60261252,202.09836437
sample185,0.988339,8.796217099999999e-05,0.15958833751980128,0.1583266455560459,0.16808089191387252,0.1672554598332902,0.18402899655389093,0.16271966862309906,338.90882697,13.7537161,293.0870228,298.83798347,224.69177711,72.16801994
sample186,1.02003,8.670255000000001e-05,0.16989005868676074,0.17500912521844092,0.15440732078901515,0.17557985066585347,0.16118255590447417,0.16393108873545553,124.80192205,160.82935242,35.63946432,207.84576437,84.54952169,287.73491863
sample187,1.01646,8.63991e-05,0.16775186757919558,0.15744551933748294,0.17312533924171447,0.17848710144321234,0.1629632302698509,0.1602269421285437,274.66808739,321.31771833,252.79064675,233.22397147,93.36538376,77.3339249
sample188,1.02211,8.687935000000002e-05,0.16722650415222248,0.1549732915000087,0.15719726362775538,0.16561768003629446,0.17813982727808853,0.1768454334056303,275.2144459,30.66858685,62.81566843,283.6042701,174.71142211,160.26306522
sample189,1.01136,8.697696e-05,0.16461788848654885,0.176650757710397,0.1696088029724267,0.15451198397640836,0.17539664363378674,0.15921392322043243,102.30472486,248.10578219,271.83275297,28.91384362,172.62128056,58.33948495
sample190,1.03365,8.682659999999999e-05,0.16316156360451112,0.16318108325353087,0.17543486118081786,0.17655851402004097,0.1641072057314782,0.1575567722096211,284.99704661,112.27305185,234.51042613,171.4698804,113.85804135,317.13798119
sample191,1.01337,8.714982000000002e-05,0.15693051391224594,0.15787904098611832,0.1668771956620539,0.18315403970886523,0.1796791646903464,0.15548004504037027,29.89712956,48.86559233,106.20508185,172.22308076,228.14462505,39.74921356
sample192,0.98972,8.808508e-05,0.17678872771571796,0.1592386627603325,0.1584491850353692,0.17843007580327008,0.1628493257810488,0.1642440229042616,131.1315924,45.41936894,342.76182328,167.16156975,314.92359714,79.1598984
sample193,0.980324,8.822916000000001e-05,0.16089511145428717,0.17194290812666976,0.1613412741454588,0.16318373264314667,0.15857573915933865,0.1840612344710989,48.45190797,112.36025965,36.78981128,72.27735663,355.06107692,225.11928107
sample194,1.02528,8.71488e-05,0.17443283078644561,0.15325782473417682,0.1696953927456489,0.15335943255546547,0.1728918853373843,0.17636263384087897,233.66435355,12.22784675,168.87838542,12.8076383,243.31254332,157.69938992
sample195,1.04049,8.636066999999999e-05,0.15870195462835196,0.16873910750471705,0.15202688319607877,0.1702302473378923,0.17532251352038616,0.17497929381257388,83.9694814,230.13038155,26.57287248,161.42462745,161.63353077,198.04221488
sample196,1.00497,8.743239e-05,0.1676103063320245,0.16317627880874025,0.178635776845581,0.15685447262731642,0.1741127263758833,0.15961043901045427,282.0433123,85.61581749,226.38658953,42.21225604,149.61199917,59.98330182
sample197,1.02017,8.671445000000001e-05,0.1675949126451377,0.1724916739180889,0.17164025785013076,0.1551951405134881,0.17206404780035223,0.16101396727280248,273.02043829,135.1690841,136.46914453,39.1576156,236.04008921,306.12739203
sample198,1.0217,8.58228e-05,0.15925907827757052,0.1634185568236864,0.17685772195358246,0.18089567523009067,0.16085898394676684,0.15870998376830314,315.15645306,102.23424418,146.74611802,186.34864296,81.61969681,71.54783484
sample199,1.01468,8.726248000000001e-05,0.1737548666133898,0.1779508955971778,0.16512023535349474,0.15658733180646092,0.17120348880346734,0.15538318182600924,251.15394296,228.66559358,287.14172752,334.69675032,166.69848731,335.6600482
sample200,1.04235,8.54727e-05,0.15723150113797846,0.1655982747882912,0.17093713361342727,0.1667479860762004,0.17022513074173873,0.169259973642364,77.6521099,266.61426969,229.97292563,263.6967203,150.25113815,140.53192018
sample201,1.02477,8.505591e-05,0.17593549530773778,0.1558684752216905,0.15883470757173063,0.16828963264743507,0.16850950233447698,0.17256218691692912,209.94060293,56.33182629,312.81327935,265.35411382,267.19632416,253.22757851
sample202,1.00727,8.662522000000001e-05,0.15483145915133725,0.1676998035983907,0.1786498467693124,0.15507563005505032,0.17651437322243313,0.16722888720347623,19.34168529,108.00839523,232.829873,35.06703844,152.30252722,100.21496558
sample203,0.997503,8.7780264e-05,0.15554257941669591,0.17823156727537037,0.16511792220609944,0.16923790568682373,0.1594982467780089,0.1723717786370015,21.50867548,192.52494211,302.86684643,279.62916488,329.10542721,263.82142733
sample204,1.05418,8.43344e-05,0.16575625310643077,0.15772377368076781,0.163650162719929,0.1728561855706417,0.17180661022176197,0.16820701470046884,255.19794297,90.13531619,122.00488052,198.44113574,226.3972346,158.74199111
sample205,1.00536,8.646096000000001e-05,0.15753586633450847,0.17535606414235794,0.161580715790604,0.17599659717492233,0.15688233728831147,0.17264841926929597,331.97843077,198.24190252,311.02132808,225.82777775,40.07077833,155.37519489
sample206,1.03133,8.560039000000001e-05,0.17849407076041843,0.16778676163969342,0.16033255224392495,0.1565570106255586,0.16288289359201752,0.17394671113838717,196.79347537,121.02151525,85.90793997,62.91471223,285.98455153,234.44349991
sample207,1.02239,8.690315e-05,0.1587302397734419,0.15788407191926823,0.17783342310903025,0.16459640080296065,0.16854227669465455,0.1724135877006444,312.94731571,69.06261611,203.10703276,97.83173028,124.00231889,250.24473585
sample208,0.99751,8.778088e-05,0.17375137837986723,0.16058555312366835,0.17040672191217848,0.15663763817621468,0.17212411126906463,0.16649459713900677,266.14632861,69.13611409,279.07339775,16.5320879,138.36928084,299.7140481
sample209,0.977035,8.891018500000001e-05,0.15934953852026557,0.16298880724189171,0.15992289130345871,0.18058540442529752,0.15816662349524885,0.17898673501383755,13.22819768,328.96101239,21.03778417,157.44172237,351.65629156,260.77739815
sample210,0.966261,8.8896012e-05,0.16172584064866194,0.1632812956996546,0.16385527650235632,0.16072823347914786,0.18029834490495458,0.17011100876522461,39.05793844,346.39398584,337.31095095,32.8326274,121.31032361,81.06011746
sample211,1.0353,8.59299e-05,0.16947703886835164,0.16622168205142396,0.1734960018432974,0.17235309361598647,0.1608835694836373,0.15756861413730333,255.10396395,124.95086155,239.56345393,246.3214062,97.34403327,70.29089412
sample212,1.04527,8.466687e-05,0.17339860299193122,0.17145875774235558,0.15174438939329865,0.16842592351263116,0.16530764697128547,0.16966467938849789,158.47417755,199.87305884,341.27898581,217.17448331,268.54558056,154.92605944
sample213,1.01187,8.803269000000001e-05,0.16392384942830163,0.15470401477850626,0.17748253636731504,0.1630182033999133,0.17316819556156715,0.1677032004643967,293.77843639,24.94653457,192.71177775,80.87572935,146.39039973,282.81904564
sample214,0.988448,8.7971872e-05,0.16611406998894446,0.1704241715244978,0.15846626853844897,0.16727901236074574,0.15920232556973865,0.17851415201762438,74.19137006,109.81244826,1.88674048,103.12748482,339.42265187,145.08255722
sample215,1.02032,8.67272e-05,0.17651483987583444,0.15851070377763002,0.1751688758451208,0.17672195201121776,0.15337040305080946,0.1597132254393876,192.72776853,70.00689231,147.9686914,170.32400107,26.38919127,75.33956763
sample216,0.9701,8.92492e-05,0.16484142768733764,0.16632190457586818,0.15966474058313335,0.17016220972426188,0.1800457424765145,0.15896397495288445,327.16611981,322.12897222,16.94776355,85.67480721,125.93520349,4.10270938
sample217,0.985055,8.766989499999999e-05,0.15659210501242693,0.18640065115544702,0.16775484759641426,0.15856832912750068,0.15996766000538998,0.17071640710282104,354.69038106,218.80405233,86.81707451,27.86988346,357.17693394,118.81682514
sample218,1.02782,8.633687999999999e-05,0.17744332345324268,0.16231249412532278,0.1703508601803425,0.15511869931562403,0.1598524663862133,0.17492215653925475,219.28858777,97.86249691,250.92486851,41.54072918,89.79757449,242.31318953
sample219,1.01007,8.686602e-05,0.17479308237247454,0.1576261239927032,0.1563099435181049,0.17423016473725844,0.16024694886892005,0.1767937365105387,142.05118884,55.07509641,351.40461831,184.54581322,310.94771215,244.67424541
sample220,1.03755,8.611664999999999e-05,0.1537741625018475,0.16870371543942436,0.17820065634848786,0.16746609259361336,0.1616553591724749,0.1702000139441521,331.26073446,145.61456559,199.69362889,124.81287319,97.27298864,232.43538431
sample221,0.99616,8.766208000000001e-05,0.16256503542243206,0.16996123752735412,0.15739745582563291,0.1769535701143843,0.15742938819929486,0.17569331291090157,314.73710367,277.48715204,343.19134134,236.91639669,37.33593777,159.4400424
sample222,0.983358,8.850222e-05,0.1823968579192758,0.15895442371748772,0.17800389529014254,0.1589018374089891,0.16189372729911408,0.15984925836499084,185.61235291,336.0190718,156.30912077,10.75723057,63.54387341,32.06642388
sample223,1.01989,8.669065e-05,0.1611916696296029,0.17029333976439132,0.16870088392513558,0.17243113963552095,0.17244737392710827,0.1549355931182411,83.06698493,132.9195041,273.6839054,258.86139496,249.60346624,347.49327174
sample224,0.989206,8.8039334e-05,0.15783778663104553,0.1783948618096825,0.15805900993412947,0.16008578825082065,0.1788874928300238,0.16673506054429824,343.47364591,159.66494188,29.74042033,331.32747022,258.72522031,98.42068712
sample225,1.05254,8.420320000000001e-05,0.16967898076486984,0.17199048912475012,0.16866417221662972,0.16805970111785837,0.15234345254980325,0.1692632042260887,146.97335643,197.54255073,246.50128657,183.4682442,42.85986702,174.2719565
sample226,0.994395,8.750676e-05,0.17614831435177508,0.1616074103681392,0.1702970303436741,0.16388815250072747,0.17228829823008715,0.15577079420559703,254.54132395,62.86638023,119.90545127,311.86936683,270.63799013,8.49668634
sample227,1.01337,8.613645000000002e-05,0.1611384173655613,0.17985951996554428,0.16962268920843948,0.15765325499694854,0.15538398840064888,0.1763421300628576,77.98205714,225.86795019,117.35311076,60.35882416,1.27094942,199.33350601
sample228,1.01389,8.719454e-05,0.17664426906693428,0.17938965624995662,0.15603930236247537,0.15844232963913943,0.1692362152128355,0.1602482274686587,149.18898055,227.76344683,48.24712524,56.51067303,122.72469693,72.35902039
sample229,1.04089,8.535298e-05,0.1732293018674085,0.16369450516000017,0.1670017883490959,0.15322251628750566,0.16912106658323856,0.17373082175275123,156.60663124,103.64976557,145.96151704,337.53527356,243.81529359,162.25014231
sample230,1.02225,8.689125000000001e-05,0.15651930419719914,0.1723704663061532,0.16043361593124877,0.1555590481232644,0.17784033569035762,0.17727722975177695,62.50186179,244.26943518,89.52273928,324.60918073,198.85842059,167.78637221
sample231,1.00684,8.759508e-05,0.15650569044406648,0.16474758425764124,0.16436077240831212,0.16933523743890472,0.17011769639428864,0.17493301905678676,343.23866609,298.2527567,90.63801278,107.94320904,104.78563726,144.71202009
sample232,1.02766,8.632344e-05,0.17533204174163614,0.15272330880914184,0.1629710720277965,0.15295087027212023,0.1739195767166714,0.18210313043263396,185.39645492,359.39669341,288.6116378,356.2002255,170.10917927,210.59504315
sample233,1.00638,8.755506e-05,0.17593959808594373,0.15561932691294583,0.17581835477766233,0.15606985846292243,0.1607042498032747,0.17584861195725116,140.25514213,31.66629798,182.39834401,17.52907836,312.25801121,139.20917844
sample234,1.02661,8.623524e-05,0.17511688005845613,0.16851783793005365,0.1590794911237112,0.1568886539537439,0.16187313354192107,0.17852400339211397,241.42648121,262.83951247,311.03447438,325.30595044,96.44437891,201.13558889
sample235,0.998007,8.7824616e-05,0.16738487738133417,0.17506767261053766,0.15719415303473966,0.15958034847933633,0.15813387235136345,0.18263907614268865,96.33998503,260.32207473,17.88084549,61.36642855,340.45967746,212.26122106
sample236,1.05682,8.454560000000001e-05,0.16780428831787816,0.15843410254344212,0.15942682387593565,0.16920197808530296,0.17261510430889548,0.17251770286854556,151.38777958,101.14856373,285.00557776,188.84078504,202.2094982,210.49231284
sample237,0.98135,8.734014999999998e-05,0.1605817296121581,0.16038242214844736,0.18012844718368537,0.1579326057758236,0.1687968763045196,0.17217791897536588,53.1175107,38.40056833,151.62949115,20.71225807,103.53186989,290.79220775
sample238,0.990676,8.8170164e-05,0.15969169445400969,0.16152147516069715,0.17130527568548035,0.169484046873476,0.17985641260575255,0.1581410952205842,345.79244342,56.44731992,118.25296929,293.1055296,174.06990105,349.7762619
sample239,0.991565,8.725772e-05,0.15997850683033088,0.1794258737989285,0.1587993676609835,0.1649918616740147,0.16188686320203127,0.1749175268337112,324.46692264,211.8553255,337.76163991,304.3280064,63.63026484,139.60967257
sample240,1.03481,8.692404e-05,0.16671782474647162,0.17630940998373962,0.17557368459369055,0.15934408755417429,0.15375477236204196,0.16830022075988185,270.25541822,201.20597798,168.31159962,85.63394692,343.82791286,159.95858563
sample241,1.02954,8.648135999999999e-05,0.17623229963442422,0.17504865872953473,0.17502955919005647,0.15426889031993957,0.1565120251231098,0.1629085670029353,231.69613336,152.0344866,220.91611506,29.96002571,56.71269254,100.38761303
sample242,1.01363,8.717218000000001e-05,0.166623870388781,0.177523863854754,0.15842126822585817,0.15540016012096797,0.1626674264471617,0.17936341096247707,97.30746017,167.57944824,56.54408253,24.89571355,84.8941612,168.61714709
sample243,0.983801,8.854209000000001e-05,0.15880265163868984,0.18136162919416854,0.15656660876377632,0.1772113777079866,0.1649467896736101,0.16111094302176854,349.18694125,216.6503322,350.81238085,258.19086614,314.29848945,328.79275706
sample244,1.03589,8.597887e-05,0.17314487892267244,0.17900417577554512,0.17205942722049491,0.15153813105926164,0.16768349001286773,0.15656989700915844,190.69311703,210.68784588,176.59398396,359.4992472,236.77632937,313.13069535
sample245,1.01994,8.567496e-05,0.16938685045809043,0.15462328289307897,0.17304776107512526,0.16402579390733643,0.17276307210182257,0.1661532395645462,148.92867332,343.62990519,189.23422497,293.14621357,171.98720179,285.6845212
sample246,1.02423,8.603532e-05,0.1554600655215544,0.15684952873043773,0.16793813645501676,0.1804196213029973,0.17084753841827366,0.16848510957172017,38.26945853,327.07434709,119.68825806,170.09459763,129.06986997,267.37860767
sample247,1.02556,8.512148000000001e-05,0.17239906581029069,0.17369339180684637,0.1519429214756462,0.17385499686445866,0.17259483818802845,0.15551478585472944,249.52179694,227.85250355,22.84706136,159.75430484,141.15376673,59.58547216
sample248,0.995208,8.7578304e-05,0.18293566621954843,0.16654153410075062,0.16926933033245836,0.1574751174685567,0.16757993257113477,0.1561984193075513,184.85620743,89.17585933,285.43765395,5.67462142,113.28585349,8.09373706
sample249,1.03852,8.619716000000001e-05,0.16677307122853385,0.16886884505056143,0.16342029780815048,0.15416146393244434,0.17279931867284415,0.17397700330746566,266.15503121,255.43518516,124.82290524,328.52291119,208.77332933,224.67445734
sample250,1.02856,8.74276e-05,0.17651534591689005,0.15501494120549555,0.1574030911800504,0.15640234261928454,0.17350457112754056,0.18115970795073882,212.80247795,47.77371477,65.72427959,55.74461494,154.03882505,188.82627437
