name,k,k_uncert,Q1,Q2,Q3,Q4,Q5,Q6,theta1,theta2,theta3,theta4,theta5,theta6
sample001,1.00122,8.310126e-05,0.1546545286995352,0.17501014472186355,0.17508619195951636,0.15584267770977073,0.17295727651936169,0.1664491803899523,60.80999054,168.92030858,167.4010286,63.46447672,196.17171745,269.54592519
sample002,1.02838,8.227040000000001e-05,0.166301317304132,0.17058076888995657,0.17222416055922496,0.1705686717852877,0.16728874347272998,0.15303633798866886,152.7455237,166.73856345,204.31173477,177.50613734,231.47935933,60.00670837
sample003,0.958805,8.5333645e-05,0.17221050532508048,0.1581086321666872,0.158431364317369,0.18002639581655167,0.1576350817719307,0.17358802060238088,116.24806692,33.06249537,357.62797275,240.24326373,41.13543325,278.92605193
sample004,0.998206,8.3849304e-05,0.15607325674871558,0.1569638296316227,0.1646144271781262,0.17755758386612647,0.1731175415675047,0.17167336100790448,329.15312174,60.57481396,104.54737952,187.10703391,254.54185299,169.58241422
sample005,0.945591,8.6048781e-05,0.1582273044584211,0.18673150767095736,0.15980219657442588,0.16415441377218898,0.16943751632855875,0.16164706119544792,16.49081135,214.78524804,37.62335083,66.62915073,86.49710794,51.91291827
sample006,0.985104,8.4718944e-05,0.15854649381706742,0.16871146647618854,0.16532135618013505,0.1554471704892651,0.1748180958523289,0.17715541718501526,70.20660588,274.2517519,289.03522682,54.7969139,252.55418198,162.0656512
sample007,1.01532,8.325624000000001e-05,0.16436443396560813,0.1720594315772988,0.17400054865605163,0.17408616825093387,0.1603055776544842,0.1551838398956233,267.14248572,187.002843,229.31272228,188.18486004,104.71971796,319.5271965
sample008,0.978867,8.5161429e-05,0.15666000880185316,0.16223053336696427,0.15685312224266196,0.18104215135994606,0.1821232776469699,0.16109090658160474,349.62550456,311.17809602,328.68532116,202.49295723,236.13526109,85.05572194
sample009,0.94851,8.631441e-05,0.16385828136504416,0.15949228042630753,0.16168678036654194,0.17122047471292734,0.15738123077465183,0.1863609523545272,63.95315091,26.31822167,346.39122576,113.34899329,14.83496411,231.7211139
sample010,0.953829,8.4890781e-05,0.17450476455574254,0.17272844697797388,0.1594163901223257,0.17154233883500117,0.1622081376416445,0.15959992186731226,126.85626683,286.65151761,41.83957014,107.53548184,53.09723276,340.4577538
sample011,0.954401,8.589609000000001e-05,0.15754877779824875,0.16248878764238053,0.1808855044846301,0.1589021894325603,0.15706157882097016,0.18311316182121032,31.2840839,320.23266791,243.08722467,339.39760547,4.77525839,215.97875862
sample012,0.968486,8.4258282e-05,0.15859500476207822,0.1823236860046944,0.16284631758638096,0.17172158236313576,0.16758820253665235,0.15692520674705818,47.52960642,215.41666372,73.85243711,114.76982301,96.57577507,27.01924434
sample013,0.979831,8.4265466e-05,0.17558529840036802,0.15560170365284243,0.1670138719137345,0.15633607271932015,0.16243461952333454,0.1830284337904003,147.61774946,342.57264771,118.20284237,355.34957131,87.83686534,233.49583537
sample014,0.994191,8.3512044e-05,0.16141476220784154,0.16903782200984113,0.17870673510968432,0.17577712153942088,0.15555399844924506,0.15950956068396716,300.14952715,265.57485897,224.8630401,181.2831933,331.28145474,88.82751101
sample015,1.00011,8.500935000000001e-05,0.16964017295413703,0.1559790541625498,0.17703809966453055,0.17663712470739698,0.16758578878603297,0.15311975972535258,236.15451267,58.85354686,192.80859284,168.97859621,262.31253877,32.44821133
sample016,0.980846,8.435275600000001e-05,0.17090367021643416,0.15437656256101726,0.1745694830223513,0.17832970380199292,0.16303633907272885,0.15878424132547547,147.85951601,352.32642179,254.8889715,247.51750284,96.51282917,326.71224898
sample017,0.967143,8.5108584e-05,0.16290267667345962,0.1763180242785311,0.17700531394801539,0.15579626634869306,0.16374021639973113,0.16423750235156995,79.03455452,120.50827419,135.44912394,9.50997781,312.35509663,309.62238456
sample018,0.974737,8.5776856e-05,0.16719735891074605,0.15819727287501087,0.16853267924007587,0.15878570327147767,0.17784771009864186,0.16943927560404776,113.63084967,40.33877437,121.4786228,325.5117711,189.79551833,285.51205522
sample019,0.98141,8.538267e-05,0.15914920511399222,0.1591731888544573,0.15824080807706498,0.16347327794427433,0.177193006835366,0.18277051317484505,66.36343939,66.57784271,334.52474675,295.53006184,154.59199379,221.25008569
sample020,0.95075,8.556750000000001e-05,0.16586667849535336,0.1571422548482882,0.18505059745155267,0.16905330995912302,0.15783209883620997,0.1650550604094727,312.22405362,358.21738219,216.64039288,300.00862201,10.05711292,79.38247869
sample021,1.02029,8.264349e-05,0.16791955049376805,0.17106044582874913,0.16990081971293283,0.1528822016946897,0.1694802457208628,0.16875673654899737,136.02638639,152.47781708,191.7856746,325.78478379,186.00610533,138.71425312
sample022,0.982548,8.4499128e-05,0.15729973808237813,0.15370908783626108,0.18010583618418982,0.17899701937376217,0.15624807889726083,0.173640239626148,335.53774302,17.80188111,172.23508587,169.00914609,325.29634653,189.98842114
sample023,1.01078,8.288396e-05,0.16950084479364524,0.16000629553767165,0.15842275226835584,0.15874423951185995,0.175451205617832,0.1778746622706353,153.43294205,293.52184972,89.38982844,83.67194401,190.77656488,199.48233832
sample024,0.987378,8.392713000000001e-05,0.17816169326585335,0.1727166482126608,0.1611511558812303,0.1640093857477798,0.16603949767010895,0.15792161922236658,216.55522628,128.48744351,87.87246874,293.79053012,281.13734643,317.22474593
sample025,0.958198,8.623782000000001e-05,0.18153916026797115,0.16064201542725787,0.16256062900610224,0.16061006821201806,0.1615118176415246,0.1731363094451261,138.1449831,50.64933956,63.80658209,42.90963289,323.24615485,111.14976741
sample026,1.00414,8.334362000000001e-05,0.17411985820343728,0.16906588723939278,0.1560939671045221,0.1695654991407043,0.15782605042686765,0.17332873788507575,243.72910882,145.79974593,57.27760882,154.51484369,69.63271159,174.12782753
sample027,0.999957,8.3996388e-05,0.15528674448619387,0.16750719658610508,0.15477089973420913,0.17425906074971206,0.17343092963440215,0.17474516880937754,326.69224376,154.2287901,42.09192444,168.52519252,134.84442913,196.99474928
sample028,0.940021,8.6481932e-05,0.15904129848773868,0.18854378173523786,0.16141561315815953,0.16275511857996217,0.1664136828894838,0.16183050514941794,356.15761754,190.50170204,40.66004223,50.89127565,71.2678498,340.53265708
sample029,0.97128,8.450136000000001e-05,0.16991585366423861,0.15946855383323782,0.15897012823263604,0.17199465312040715,0.18418202665023606,0.15546878449924437,129.95164728,335.07606928,325.40278886,117.42332676,192.14150523,25.9504089
sample030,0.962766,8.664894000000001e-05,0.16151241579655662,0.15770937056930184,0.1877047611331007,0.17567763190371383,0.15723999124352928,0.1601558293537979,327.53242178,42.86670873,178.3028628,119.66016577,33.54190199,43.74107452
sample031,0.974001,8.4738087e-05,0.1596698640271989,0.15896864950132356,0.16068681622672612,0.15448550515083243,0.18205645030060688,0.18413271479331222,316.84992308,336.27519341,72.42094922,8.24560986,165.39496687,181.77583327
sample032,1.00678,8.356274e-05,0.1559839690126371,0.1662115625701106,0.17593134896243007,0.1790061596243595,0.1683938574828729,0.15447310234758999,57.75755556,121.72876101,161.23622833,189.53604445,135.03700701,42.13765153
sample033,0.987567,8.4930762e-05,0.17841191637795298,0.1558643734252686,0.1570146345628345,0.16457531417951496,0.1739277526999689,0.17020600875446026,194.16256298,345.63963391,334.69639106,107.06755483,256.82859535,118.75671676
sample034,1.00788,8.365404000000001e-05,0.1527463326100732,0.16514592275247353,0.17323268295017075,0.17484591315185613,0.1755452992530801,0.15848384928234618,5.078739,270.63152319,181.81238598,236.21513697,202.50478317,85.27039861
sample035,0.987939,8.3974815e-05,0.18189478852685964,0.1793726026897992,0.1549942371391148,0.15557861109421875,0.15970987286897514,0.16844988768103258,195.41654778,193.06208011,341.15049894,33.10800083,313.94766584,272.20469667
sample036,0.959683,8.541178699999999e-05,0.17132856473914093,0.16528265865578234,0.1604149722133856,0.1604446273059945,0.1768735486113329,0.1656556284743637,280.33615839,308.69611044,61.73330503,57.15452277,259.41197642,303.73649477
sample037,0.9666,8.60274e-05,0.15729536665321922,0.17205794353947992,0.15796780707058028,0.15903340319772175,0.18006562620236055,0.1735798533366381,338.01084122,270.55671931,348.16322358,327.14396324,174.14912322,272.43353184
sample038,0.994292,8.352052799999999e-05,0.15470182783011588,0.16381268414422295,0.17871409046180767,0.1756390697092502,0.17053499002601424,0.15659733782858903,29.40667799,288.52774399,204.97842893,138.93676213,136.14892939,330.82211675
sample039,0.951484,8.563356000000001e-05,0.17663416555924483,0.1588229886142043,0.16031965360609174,0.1648455592742839,0.16736488917865508,0.1720127437675203,120.36412322,356.82298998,38.69847475,320.15826411,305.07909394,102.25931606
sample040,0.986755,8.486093000000001e-05,0.17737565748083378,0.1708761343906728,0.16854446043094143,0.16271496571577992,0.1551133244354226,0.16537545754634947,196.99370129,271.19271835,130.99809334,300.64228584,26.024039,288.00746009
sample041,0.994934,8.357445599999999e-05,0.17329495737714762,0.16415345419593413,0.16421021200481123,0.16587181742411267,0.15619018965950868,0.17627936933848568,153.98754119,284.77352524,289.12750327,125.33251597,54.44371962,230.34126975
sample042,0.983741,8.4601726e-05,0.16642119186990806,0.16664101072543241,0.15719036115134705,0.17313326486891897,0.16686957237634698,0.16974459900804661,95.77389415,112.13230502,330.42840017,144.47562489,96.84028372,114.87226265
sample043,0.982572,8.4501192e-05,0.16636176478684433,0.15381335699970758,0.1781702534290337,0.17469894604468203,0.16144218209710265,0.16551349664262982,287.47325448,21.56172145,207.39816565,260.20968591,84.26313169,103.72637033
sample044,0.965555,8.496884000000001e-05,0.1666550643560744,0.17169067714969555,0.1702065263784569,0.15967162836066703,0.17465530375216626,0.15712080000293996,95.97707696,102.58264475,106.58691383,46.32089928,141.69047542,355.63567766
sample045,0.93572,8.608624e-05,0.15975372064237342,0.1615916828317833,0.16574561626868,0.16351024263036923,0.16802444527590682,0.18137429235088703,24.4896707,38.68910528,328.65220235,331.56509214,312.09127836,268.49759725
sample046,0.961389,8.5563621e-05,0.1578008459899447,0.17215769420507385,0.15838621645167045,0.16857609186233247,0.1733985494316333,0.16968060205934526,28.49889131,125.31868496,345.30555407,110.36660388,281.22742153,290.467042
sample047,0.980419,8.431603400000001e-05,0.15850774622582614,0.17559771206493713,0.18272236039655113,0.15866433076616102,0.15802101979278266,0.16648683075374188,58.49668241,138.73765495,222.77279295,68.4680162,331.87143529,111.93591737
sample048,0.965679,8.594543099999999e-05,0.16541667349656908,0.15783817924416532,0.17498842720593227,0.1571094718884331,0.17634790630466735,0.16829934186023304,299.9799172,344.17580568,255.50873968,339.81334642,161.14433307,294.01452424
sample049,0.963856,8.5783184e-05,0.16058840995112172,0.16133252475288257,0.17878074108002145,0.17296071146748085,0.15603676020851046,0.17030085253998303,329.53516327,318.85504302,251.78662332,276.70367495,20.92725565,122.28147686
sample050,0.990164,8.416394000000001e-05,0.15483805981156445,0.15683311482975482,0.156168096490358,0.17944373836924554,0.18415940705443645,0.16855758344464083,15.18428028,41.92820571,52.49519143,221.01174803,205.81487568,123.93595763
sample051,0.964855,8.490724e-05,0.1719137940899237,0.15668348888034137,0.15897117212156597,0.18084620996945858,0.1628206943297697,0.16876464060894075,127.82430961,7.16113279,336.67385157,170.63676688,74.51252291,291.12866217
sample052,0.950679,8.6511789e-05,0.17112899961067776,0.16141039487145248,0.16332451847086554,0.15944363735590408,0.16863284404887086,0.17605960564222922,101.143577,334.99934425,330.42765423,22.35088014,89.0951755,107.2101838
sample053,0.977124,8.5009788e-05,0.17405373573339122,0.15665591154431835,0.17605916984619163,0.16118729537636312,0.154633769777814,0.17741011772192172,260.97866797,51.93951967,175.13385211,314.19915782,348.19108757,237.87456187
sample054,1.01261,8.404663e-05,0.17060592911213368,0.16677619397250193,0.15977388752824956,0.153579402302,0.17296140327057002,0.17630318381454507,157.59614539,261.95737243,101.22435222,45.27214668,188.3093607,218.31135999
sample055,0.985023,8.372695500000001e-05,0.15836371549579142,0.17063707165157035,0.160050489191079,0.17128965512920036,0.17497382937895276,0.16468523915340622,323.10369435,255.22666297,310.98920125,263.69658374,163.74846877,289.01089445
sample056,0.986922,8.388837e-05,0.15611358358143296,0.16917866241060742,0.15780823179153494,0.16085489497969163,0.17688233428480812,0.17916229295192493,325.19317808,259.82988782,325.94576342,301.87658052,160.54969599,204.42070373
sample057,0.995203,8.4592255e-05,0.15292988558513299,0.16411445084011472,0.17316955221269253,0.16176904621847193,0.1729266316555838,0.17509043348800402,30.43046544,286.0474969,212.97959222,293.64608021,248.00083349,195.95708175
sample058,0.955751,8.601759e-05,0.16542285654330752,0.1615938641924612,0.1651433120316,0.1582316554565007,0.1730439401078775,0.1765643716682531,84.85334862,54.57636679,317.27705564,26.02199035,120.50709404,276.38870525
sample059,1.01627,8.333414e-05,0.17470068529907465,0.1701094669182257,0.15379719266304684,0.1536503479040785,0.17234431102123368,0.17539799619434054,212.76533402,220.63986484,325.10307839,56.42633085,192.34679494,188.78501797
sample060,0.979007,8.4194602e-05,0.16509698080170576,0.1709874854358643,0.16297981361842903,0.17648370821360795,0.15423682582179435,0.17021518610859865,297.52449138,133.08609682,78.54899511,232.14325647,5.51146724,266.99704197
sample061,0.987748,8.395858e-05,0.155350181610523,0.16668234226399942,0.17775961459392237,0.16464790206066532,0.16844374709063853,0.16711621238025148,31.99213033,111.60300591,229.24923209,290.52797221,121.23732515,109.57926488
sample062,0.981076,8.4372536e-05,0.15809443951860944,0.16573076949303067,0.17047344977222118,0.17912991317604504,0.16664676128815764,0.15992466675193606,60.64449874,289.66116812,273.94525041,164.40934595,104.48747826,318.66548202
sample063,0.981047,8.4370042e-05,0.1821724995594518,0.1768349672805747,0.16034549315302812,0.15656850925202925,0.16206655094416847,0.16201197981074772,184.36263797,254.12277886,83.51605824,353.25817409,309.67540596,84.23059224
sample064,0.959023,8.5353047e-05,0.1787118976612859,0.15846417013958752,0.16916747309996938,0.166816757950836,0.16112950675368928,0.16571019439463203,164.97383335,337.03031887,103.99453035,82.19068258,62.3277231,306.83311513
sample065,0.9859,8.38015e-05,0.16883911518890996,0.15368545256652572,0.17838099504058194,0.17875175306874838,0.16463020063288158,0.15571248350235245,144.24434539,356.22239564,169.88624192,160.5685561,289.34002932,348.26877626
sample066,0.992362,8.435077e-05,0.17161333149737865,0.1811760523000471,0.1616055629427614,0.1605360508203224,0.156259029917156,0.16880997252233462,131.20457985,192.66665144,88.85334346,304.93121122,336.38535756,265.06252228
sample067,0.995779,8.3645436e-05,0.1548216382648389,0.17774436332878718,0.1765446500262574,0.15943226710988073,0.17171566866220578,0.15974141260802982,53.73507396,180.55680899,158.16406703,81.80163097,238.17776574,306.79765313
sample068,0.990204,8.416734e-05,0.15703682414479073,0.16596465027558605,0.1713877320621141,0.16126948090319818,0.1793389819722356,0.16500233064207537,55.95638778,112.45528355,260.03100648,88.32294627,214.43025575,100.3655527
sample069,0.995375,8.361149999999999e-05,0.15366181921225308,0.17121756870941346,0.17196914099926097,0.17584909308871316,0.16659797568164272,0.16070440230871652,19.33066738,250.61917374,260.29706641,199.84539336,279.35811728,94.77077719
sample070,0.985061,8.4715246e-05,0.18176214636314408,0.1647917491927759,0.1609015424103999,0.16628568690568293,0.16180129213685035,0.16445758299114688,204.32343965,96.09845182,77.30047167,104.41481665,82.42295358,94.26891574
sample071,1.00656,8.354447999999999e-05,0.15787445666495584,0.17294525600469904,0.1712746025242458,0.1726488612693965,0.17241954587997538,0.15283727765672755,310.38303292,173.64339634,143.39070112,245.63326584,218.97071116,31.85808559
sample072,0.978598,8.4159428e-05,0.15972921893828068,0.1662730221497617,0.16108169601121725,0.16972386719436872,0.18126349385149726,0.1619287018548745,320.3204673,292.03156397,309.83634799,122.26848975,236.63684057,86.66533637
sample073,0.994097,8.3504148e-05,0.17865631119837647,0.1678714138654156,0.16438978102294466,0.15753786776392345,0.17151910216549227,0.16002552398384767,196.27507196,120.53958124,281.57964054,320.83400171,167.16199372,74.99344429
sample074,0.971343,8.4506841e-05,0.1701298119014501,0.15486815794229003,0.17794369261019985,0.17531091699414802,0.16082829957351563,0.1609191209783963,130.67706402,5.19533528,252.50097245,130.27185137,68.50480897,325.80908892
sample075,0.979766,8.4259876e-05,0.15767323408168116,0.1721230279674763,0.1857067289314089,0.1639676209564939,0.1595434492876404,0.16098593877529938,51.52116541,121.64671053,188.32596719,94.25084496,320.54148531,75.72019314
sample076,0.982992,8.453731200000001e-05,0.1810934838216941,0.1670377302971368,0.15734517207571422,0.15790279350380781,0.15826198993798551,0.1783588303636615,228.24459226,281.2408078,333.76959818,335.66815737,320.88429539,174.1565804
sample077,0.978356,8.4138616e-05,0.1631431634203494,0.16136282800985507,0.1544160795477429,0.18259428572488048,0.18142353287393867,0.15706011042323342,85.64170738,75.33502484,27.94932861,181.99074106,161.85206255,51.8156011
sample078,0.985408,8.375968e-05,0.1786309134712712,0.17972852338293388,0.1577991963154758,0.15669684733342298,0.16294994768993498,0.16419457180696118,148.93507156,219.10502483,321.81760154,48.58045237,300.54241645,99.05462396
sample079,0.979015,8.419529e-05,0.16551247961076948,0.16320542065409588,0.157179033797064,0.16344235623191447,0.1830817406977867,0.1675789690083696,95.02737488,85.07443029,336.90280191,91.29382603,220.76285767,101.54884338
sample080,1.00242,8.320086000000001e-05,0.1606161635975047,0.16321204728809574,0.1785770906211384,0.1776349635154455,0.16689275195869313,0.15306698301912225,297.4755765,106.12986574,184.85062801,213.31082204,265.66662604,24.17242677
sample081,1.02315,8.287515e-05,0.1679707812081448,0.15081052875274084,0.16816077729307394,0.17276805609258153,0.17160050439364682,0.16868935225981202,215.84338224,33.31095297,229.01718706,195.91314857,215.1258553,244.73359422
sample082,0.960657,8.5498473e-05,0.1768889067656968,0.16158975164285722,0.1590767633719768,0.1792823728294658,0.16310342172175962,0.1600587836682439,263.8920737,69.09361795,43.87032561,160.61169973,313.46581441,66.07937357
sample083,1.01582,8.228142e-05,0.17609793520066602,0.17034655214491518,0.15271398257323449,0.16829144603947632,0.15995840613372933,0.1725916779079787,205.28076796,190.48488827,329.63276692,181.90395056,92.39607598,172.68896546
sample084,0.984804,8.4693144e-05,0.15840996581457523,0.15875543604547837,0.1683057412570761,0.15399867153701277,0.1787348742490414,0.1817953110968161,69.89272883,67.09338988,272.29973132,37.01337167,173.79719314,222.11403255
sample085,1.00298,8.324734e-05,0.16617742171144118,0.16853611710817917,0.17149569999151953,0.15372553306924663,0.16735661614825093,0.17270861197136256,271.94928571,264.13948134,214.59795269,335.69795381,264.38494992,181.74914147
sample086,0.966751,8.5074088e-05,0.16018167024685181,0.1585068963625823,0.17795063543836884,0.16789390444311747,0.15503551480788574,0.18043137870119375,57.75112576,49.10874036,156.33651718,290.08346286,23.64380465,218.07574289
sample087,0.995193,8.5586598e-05,0.18033646221756267,0.17713823728504463,0.15591057768404232,0.1554894223568465,0.15550976456803872,0.17561553588846496,159.84576376,194.92464491,329.39459186,37.10702329,44.78859103,160.48794997
sample088,0.983732,8.460095200000001e-05,0.17775866579678928,0.1697622454024979,0.15327166582887494,0.1680608837372696,0.1746253795772429,0.15652115965732535,216.39899319,272.01900867,355.04588326,278.47386993,242.91264708,58.71777928
sample089,0.970582,8.541121599999999e-05,0.158766538279161,0.15710167193930144,0.16825497900920783,0.18574088853975151,0.17191303940225522,0.158222882830323,20.93822065,13.93172832,100.42475009,154.68380862,115.59969879,338.80478565
sample090,1.03304,8.161016e-05,0.16999362267040533,0.16597239281492224,0.15566058195422025,0.16888732656446095,0.16882785044341908,0.17065822555257187,198.94294166,237.65021684,86.35889083,206.91489676,163.23089482,204.48211613
sample091,0.984142,8.562035399999999e-05,0.1675505985128526,0.16361641256328546,0.16862891684267647,0.16616593856916675,0.1604186087586928,0.173619524753326,282.93290726,96.63912896,108.79394053,100.24804993,76.37763747,253.73523307
sample092,1.00753,8.362499e-05,0.17280480775617807,0.1524134949482664,0.15686745274244762,0.16897061444945088,0.17367741656367017,0.17526621353998678,206.81878716,7.38303415,315.96034502,154.3341467,239.33935339,231.45231722
sample093,0.977684,8.5058508e-05,0.18016504533482913,0.1543752381117844,0.15666380001795277,0.174196169776753,0.15783807116320994,0.1767616755954708,220.9102578,22.74790118,350.12752439,248.5358858,65.4393722,253.51084792
sample094,1.00717,8.359511e-05,0.17361539860583586,0.16103986506931267,0.15326375426042177,0.16037037021933576,0.17457340730162277,0.17713720454347118,223.10220514,291.58810318,351.64656614,95.16044459,158.8405837,171.91101564
sample095,0.970072,8.6336408e-05,0.1549338157123218,0.15931916422958287,0.15812308454564292,0.15928093953799016,0.18271672647065085,0.18562626950381128,8.1086243,48.65432595,3.74181183,59.95471224,147.4641617,184.48256625
sample096,0.97566,8.488242e-05,0.16430411100482226,0.18001527049372018,0.15408124336303974,0.16797925112631507,0.17172429066801442,0.1618958333440884,91.21272045,199.52468924,356.38511198,282.22331586,269.58187184,306.50035554
sample097,0.968698,8.524542399999999e-05,0.15850578506230645,0.16167180554771182,0.1548680686632571,0.1806208832174387,0.18384317147110163,0.16049028603818438,42.08275668,322.83159284,8.09209126,246.57679129,190.69475046,317.21526034
sample098,1.0181,8.24661e-05,0.16553901011874964,0.16339841858632942,0.16920295355879628,0.17081555234585938,0.1654819741820062,0.16556209120825915,122.17296472,115.37101291,248.27418974,181.82120256,265.98722182,129.89684646
sample099,1.01173,8.296186e-05,0.1592731798620894,0.1751051966845769,0.17480011456145028,0.17164395885341377,0.1669656587150704,0.15221189132339907,92.50357632,193.61351414,230.6861466,164.24406751,257.2917939,11.70625411
sample100,0.964063,8.4837544e-05,0.176083268882601,0.1586978798479444,0.17141155780922293,0.16235353793226162,0.1727508576181393,0.1587028979098309,256.2078963,41.86106499,125.88741013,319.91106083,139.90769159,337.05017865
sample101,1.00269,8.322327e-05,0.17380835213156998,0.17471455252796714,0.1529338815963927,0.1665932826264004,0.16522683890743703,0.16672309221023274,157.36225316,208.03553349,348.30413008,267.38325854,123.9691604,271.35043029
sample102,0.982565,8.450059000000001e-05,0.17443265663742819,0.15377425233589076,0.17308186011698534,0.17456802696194842,0.16139122075692156,0.162751983190826,156.62701113,355.16720142,151.92313341,260.85834443,84.12767678,78.46571819
sample103,0.971389,8.4510843e-05,0.15893941004707113,0.1656683898500069,0.1580331348350929,0.18141259708080612,0.16613072245073676,0.1698157457362861,332.74831047,292.96848991,331.02205274,209.83738455,95.73490456,276.91603244
sample104,1.00426,8.335357999999999e-05,0.1728133453607894,0.17102621025765213,0.15941730065049137,0.17476939276386252,0.1697206440193229,0.15225310694788158,201.48471002,249.83927791,89.03598503,161.74140425,141.16522838,31.27225247
sample105,0.986403,8.4830658e-05,0.15507580811183283,0.17754018111972544,0.16636776754076593,0.1714761531905028,0.1727903295170089,0.1567497605201642,1.28708482,184.36030233,105.08473619,267.61380914,155.36757467,332.90524304
sample106,0.958296,8.5288344e-05,0.18445525927364273,0.15826181836386488,0.15974841225927816,0.15891253048674797,0.17231554542149713,0.1663064341949692,229.46581379,349.62093565,50.34678823,4.10957283,280.75842757,87.85497408
sample107,0.969403,8.5307464e-05,0.15571525027737879,0.1685317709431876,0.17809878968429788,0.1564797839045859,0.1635623543683565,0.1776120508221935,348.21673012,288.11952401,173.26167449,342.68364798,86.56475701,247.52240475
sample108,0.977212,8.4040232e-05,0.16100979856917888,0.18038806339395966,0.18105574134315394,0.15490882801283606,0.16070918331547107,0.1619283853654005,73.00353886,147.3242364,166.80587122,25.443004,69.04615586,74.09352889
sample109,0.970073,8.5366424e-05,0.17614237251640097,0.15550422593050073,0.15929799981403886,0.15822096619203535,0.16186324317688683,0.1889711923701372,132.69917672,12.37131772,352.0299128,347.85723419,76.60041078,212.80538815
sample110,0.939992,8.6479264e-05,0.18035478815508443,0.16240140792408936,0.16076853244390732,0.1633131443303058,0.17208940051427432,0.16107272663233868,131.53187111,42.24520001,356.67968573,53.79639427,295.98273791,40.79408844
sample111,0.960149,8.5453261e-05,0.15856683485261597,0.1742961036775667,0.18055703817444183,0.15839361822402998,0.16123607470295764,0.16695033036838763,338.68312586,116.14484648,136.78922958,36.5925783,333.92566948,98.364907
sample112,0.959779,8.5420331e-05,0.1625133993585391,0.15815039843137796,0.16780408223807802,0.16774689636430132,0.18383581383571074,0.15994940977199296,320.76980256,12.15471678,295.09259366,91.64438891,171.30943762,329.92072073
sample113,0.982864,8.4526304e-05,0.15455884247054708,0.1741307508201995,0.1601614248741224,0.17696229044110925,0.15921001194940942,0.17497667944461232,29.09985886,232.49609606,71.77233754,221.13192948,65.63440603,222.10952135
sample114,1.01536,8.224416e-05,0.1755581166899003,0.1640140583857109,0.17011523066513407,0.16962763008796172,0.15081715131208884,0.1698678128592042,186.53708069,118.46865632,244.18631249,222.23882072,348.73942396,164.62509084
sample115,0.985518,8.4754548e-05,0.16519206921298846,0.1655845061413343,0.17727116053778574,0.16155834820795884,0.17359647706292092,0.15679743883701167,106.33473761,95.74033898,214.93100538,303.4024044,231.97800093,47.04681411
sample116,0.983622,8.360787000000001e-05,0.17526498314351358,0.16442839130086,0.1650497878283621,0.160371212947098,0.17711559703227106,0.15777002774789525,182.15807719,295.23053292,112.65651953,70.11616714,217.38228017,57.37680225
sample117,0.980946,8.4361356e-05,0.17816021882418648,0.1756997372065641,0.1540074837541418,0.16801373897090893,0.16118369059854032,0.16293513064565832,154.43697617,144.14941855,19.00619727,277.93903163,312.84351847,298.36567768
sample118,0.994252,8.3517168e-05,0.17295872746660645,0.1662792846428067,0.1637647159126065,0.1768377210762516,0.16694820151894316,0.1532113493827858,178.44842075,281.62255586,107.44611186,238.11525298,121.56353153,14.47500835
sample119,1.02957,8.236560000000002e-05,0.17092896020343396,0.16069212385193476,0.15771686182113992,0.1696916325363046,0.17205025053057543,0.1689201710566114,199.1859572,111.81595548,92.55691884,174.90528895,196.71858466,155.60494517
sample120,0.981095,8.437417000000001e-05,0.17036525988971443,0.15567378618645766,0.1580828821593071,0.17888833696154982,0.18088473895305546,0.1561049958499156,260.64390371,359.05212274,320.18653363,165.52160264,215.55671453,329.34714333
sample121,0.9424,8.67008e-05,0.16125093670380175,0.16111684015954858,0.1713076516539888,0.16375586015045104,0.16638699210933863,0.17618171922287107,53.59353658,342.94801117,298.80643702,65.21492105,78.60378861,282.4834154
sample122,0.949695,8.6422245e-05,0.16079873828076027,0.16209981262678397,0.17140757923396577,0.18014310871264416,0.16527724841548894,0.1602735127303567,20.57519414,53.58377487,103.95890747,266.75277193,313.88121946,40.37946947
sample123,0.949048,8.541432e-05,0.1613174505441093,0.15955041456120636,0.16495874710861408,0.1784860881640238,0.1577087553383402,0.17797854428370635,343.35157983,2.32346299,63.90218066,132.85101186,6.04804168,143.32276258
sample124,1.01156,8.395948e-05,0.17647720900729466,0.16931805899143676,0.15233532508721853,0.15478155407548366,0.17168370440849987,0.17540414843006663,187.28190757,152.04154037,21.19898442,325.09937102,195.20992705,226.26948634
sample125,0.985982,8.380847000000001e-05,0.17512889841796736,0.17561797584385497,0.15237630533069585,0.17781081252910713,0.16572560699201877,0.15334040088635592,249.2353935,172.49289065,8.73290138,210.65195808,104.10693284,24.94041009
sample126,1.00894,8.273308e-05,0.16412860026977044,0.17411857023690458,0.15911951151062267,0.16060163436186647,0.1735363295884743,0.16849535403236138,106.74587676,179.30392692,89.88294522,291.00510994,209.47198456,131.46162501
sample127,0.970227,8.4409749e-05,0.16173157366442992,0.17829650075401593,0.15712221803729332,0.15640661601861688,0.17293521126291367,0.17350788026273023,312.38373669,192.51575594,351.89877558,30.41624913,274.40340313,140.25682661
sample128,0.975481,8.3891366e-05,0.1563531559049624,0.17664669949988604,0.15556493222809809,0.17618327461192157,0.16379152157838217,0.17146041617674984,40.91998881,211.64576626,29.3781878,195.3710366,303.1460131,260.76165976
sample129,0.965463,8.4960744e-05,0.15819260692664394,0.17133475714115548,0.15634026359948927,0.1805422450885944,0.1706283213765519,0.16296180586756498,22.39690967,128.73192115,349.09669948,190.197493,288.13375379,85.03194736
sample130,0.973399,8.4685713e-05,0.1599499251046246,0.16470390503417967,0.16823362664803304,0.16917240117096105,0.17919443948164032,0.15874570256056122,325.66808787,88.93178823,111.73451955,285.31944377,232.08154312,59.08339632
sample131,1.00176,8.314608e-05,0.17341072639546629,0.1535471449946102,0.15967219349769107,0.1621880489433889,0.17803073134700936,0.17315115482183413,227.76554459,24.76884471,87.93469605,93.21714138,209.26093108,141.61958966
sample132,1.00451,8.236982e-05,0.17045179757312706,0.172630478312974,0.17054911779068951,0.15358740370784899,0.16092887584175833,0.17185232677360196,255.10351694,242.72568052,246.19397857,35.99467694,99.23262036,245.9021941
sample133,0.990344,8.417924000000001e-05,0.17385100512659452,0.15511324096187173,0.15724425722380267,0.1577424061849451,0.17750433746445263,0.17854475303833328,149.92140313,345.35346515,336.77698969,321.88411483,175.31084803,142.32717541
sample134,0.961694,8.5590766e-05,0.16174376654045602,0.1728487698478991,0.15648949991813055,0.16506790498497367,0.18587042061198122,0.15797963809655952,319.36325386,274.17946678,31.66919007,82.71919462,189.32836928,48.50393797
sample135,0.989508,8.410818000000001e-05,0.154736243230223,0.17219772756205132,0.15402663594798416,0.16070813314482613,0.17923244605029687,0.17909881406461847,43.83100538,183.20697373,0.54160143,299.30774078,211.45362645,197.21432285
sample136,0.984749,8.4688414e-05,0.16492889412782175,0.1567418820873222,0.17689261660169642,0.16926808677107383,0.15907868753051757,0.1730898328815681,289.73162798,326.28560146,231.13857553,118.50038569,65.48753988,151.23354265
sample137,0.974538,8.3810268e-05,0.17652407526064562,0.15493533736988416,0.15910454964642928,0.17695889854151042,0.15437706235792187,0.17810007682360868,254.62499402,352.96374462,53.25170593,179.39453397,346.53468408,238.781868
sample138,0.969284,8.5296992e-05,0.15720281180299778,0.168594137933253,0.1718247726477009,0.1709963861470284,0.17468827327228545,0.1566936181967345,33.52838406,288.57658377,275.07439946,280.64995976,261.81406826,27.79437079
sample139,1.00921,8.376443e-05,0.16891703950829767,0.17037101990709208,0.1528075280701826,0.17166073926644343,0.16365538421381057,0.17258828903417364,260.62121212,192.97711645,35.13807971,213.64940164,108.25954861,225.07832454
sample140,0.983426,8.4574636e-05,0.15776007895308472,0.15440030713180677,0.180270860766293,0.18250518668010435,0.16820270533589743,0.15686086113281356,346.88057154,6.91373094,173.43161189,151.89491735,114.51995833,342.49925578
sample141,0.986324,8.383754e-05,0.17632872636724078,0.16491109815110147,0.15443108156155333,0.17171061917342823,0.16046942047095608,0.1721490542757201,171.38738583,288.23961617,8.5530471,254.2501546,83.10167752,264.0675866
sample142,0.988626,8.403321e-05,0.1682411408668713,0.17202033307795367,0.1785123363026937,0.15952740693599843,0.16026227280181957,0.16143651001466325,274.84592774,133.44621385,214.1448097,313.2710811,82.0081788,84.95388308
sample143,0.992426,8.336378399999999e-05,0.16668897971558483,0.15481624071399558,0.17587612014938347,0.1750081768742343,0.16488903755100764,0.16272144499579416,121.00794867,335.3998268,199.52079084,245.02439593,284.93873301,95.46689366
sample144,0.990397,8.5174142e-05,0.15407234394681768,0.17812596494266303,0.18071160283817717,0.16768293679125218,0.16092813392954877,0.1584790175515412,346.01967985,187.59106054,189.95173769,272.54399628,304.04594048,320.44041784
sample145,1.01538,8.224578e-05,0.16518103193194048,0.16543863815647467,0.15222863588774288,0.16804747551005111,0.17540227105974276,0.17370194745404793,127.92396987,260.14911386,30.77920384,146.81861512,178.80118477,227.39369632
sample146,0.982048,8.445612800000001e-05,0.1551784295291931,0.17469511984071318,0.15798677892625193,0.17746110790990346,0.17543427335186282,0.1592442904420756,15.93501449,235.77258435,59.30418253,166.97057341,257.73473794,78.08040214
sample147,0.961853,8.5604917e-05,0.16512451362031083,0.16325740764611757,0.1780933790219879,0.1776649954002033,0.15691069592341705,0.15894900838796336,310.84954925,74.87580885,121.50468765,130.39334742,10.79228669,2.30735397
sample148,0.978467,8.512662899999999e-05,0.16655750394474383,0.17950455423567901,0.15476989407908012,0.15967105219632088,0.1773102388017241,0.16218675674245206,104.45194453,183.29068406,354.98644003,66.33331871,176.27814817,303.56233596
sample149,0.954159,8.587431e-05,0.15862364011746324,0.16460668854846733,0.16517121009262703,0.16260367937313283,0.18132276961874738,0.16767201224956232,351.1993638,79.24192214,312.27719237,320.51984709,255.58730897,95.68912738
sample150,0.98296,8.453456e-05,0.17569789804625258,0.16873110219163248,0.17050984754825987,0.1590309099133348,0.16478722978428373,0.16124301251623668,156.86684636,102.88722643,123.18719881,55.48706513,107.41015038,308.89939065
sample151,0.990611,8.420193500000001e-05,0.17760123548757084,0.154039266007692,0.1730365325325696,0.16616012293183588,0.16054716799741717,0.16861567504291458,199.90601504,35.88696211,179.73913124,283.9956034,89.16183791,113.35588661
sample152,0.9614,8.55646e-05,0.15803830298936541,0.16278901426040956,0.1618298629396228,0.16669444462194866,0.1720896184230802,0.17855875676557328,35.1643332,69.19784427,59.06420149,299.75587915,119.06276068,260.60626514
sample153,0.939529,8.6436668e-05,0.17384270967655685,0.16085237573959196,0.16215120753371254,0.16826688982678673,0.17287248519118487,0.16201433203216728,108.59477964,15.47600379,342.1757762,87.05860645,295.88250528,45.45066807
sample154,0.994294,8.3520696e-05,0.17280641632050386,0.15627130948365398,0.1674635213470905,0.15661169647748235,0.16878666668720282,0.17806038968406643,248.83260244,55.58251781,130.13346445,57.14336107,265.7246011,210.06324897
sample155,0.962887,8.4734056e-05,0.16755739874123138,0.17635601154232278,0.17096892116637277,0.15713100628921556,0.16936238531241737,0.15862427694844,92.20423182,127.75098243,285.156586,17.0861927,112.31232923,26.54410228
sample156,0.966765,8.507532e-05,0.15957123419451502,0.16220410910293356,0.17526590410313997,0.17893812660567215,0.16317924023586622,0.1608413857578731,42.53971232,78.70826317,270.23771051,146.55376974,73.52498065,54.52201097
sample157,0.949103,8.541927000000001e-05,0.15874546412714316,0.16593955413853728,0.17244274943442803,0.1586066321047261,0.16262475526642634,0.18164084492873903,350.35198603,313.63999336,115.54083406,6.50710675,328.27463711,165.2893854
sample158,1.0049,8.340669999999999e-05,0.1557217958629341,0.16472479621923594,0.1535341737177327,0.17277630292874013,0.17796204495909138,0.1752808863122658,65.46593627,266.97984245,336.23964227,222.56131679,178.50918275,214.94849716
sample159,0.993595,8.346198e-05,0.17609833917562662,0.16093622963442178,0.15880696235950045,0.15466971648387928,0.17318177204495985,0.17630698030161202,197.47354297,302.79206345,81.32114482,343.2378173,241.41574177,245.9852271
sample160,0.987502,8.393767e-05,0.15648924304786715,0.1597694244469029,0.17878134391562883,0.17380655797878103,0.17621523728060107,0.15493819333021902,344.44058479,74.51444148,206.87546335,261.85871635,218.7290155,28.81194721
sample161,0.971314,8.5475632e-05,0.1724372525252777,0.1662923069838792,0.17545375064952937,0.15610855942257032,0.17365341476007248,0.15605471565867085,145.69111442,299.13797972,248.37976354,349.6621088,255.2875556,356.79946297
sample162,0.969052,8.5276576e-05,0.15751801416729555,0.1759817120677879,0.15645906221015915,0.17437014614595342,0.15744849645112063,0.17822256895768357,35.44745556,163.3251339,19.87221763,160.19574341,338.77054825,200.20038997
sample163,1.0205,8.26605e-05,0.16728885896103796,0.17138807995249766,0.1650498612838011,0.16972283496040608,0.15817682460012417,0.16837354024213297,131.78538117,205.61301565,265.5303105,203.54134562,85.19652252,147.71792233
sample164,1.00023,8.401931999999999e-05,0.15932884849747211,0.15550899079587566,0.17576883518569256,0.18071422848637353,0.17549009816775718,0.15318899886682918,88.79331349,53.22974419,219.92011562,193.36534347,209.88228611,25.70634341
sample165,0.935391,8.6991363e-05,0.1598481040282943,0.18919947390473185,0.16177132865540073,0.1632711133334852,0.16374434482017047,0.16216563525791752,14.33813701,171.63724467,36.18653723,52.80282317,348.68200167,43.92927163
sample166,0.971593,8.5500184e-05,0.15737267031492008,0.18448447751957092,0.18228347055035307,0.15573563971927934,0.16295650165507164,0.157167240240805,330.33448315,221.74899459,163.44163489,35.52787008,313.32903079,9.36260054
sample167,0.994795,8.4557575e-05,0.1633690409210653,0.15852362725979097,0.17404664504580872,0.15425475390054522,0.1717476432879591,0.1780582895848306,286.00403904,75.48628454,200.0098641,40.37336992,144.66150509,209.35841474
sample168,0.958202,8.623818000000001e-05,0.15904102085605387,0.16712947094928238,0.17501176926857542,0.15917238900829284,0.1579460422049475,0.18169930771284806,44.7859336,88.35190153,118.60288056,47.15209315,349.80582768,226.94853657
sample169,0.971653,8.4533811e-05,0.16186272887141823,0.18184783283335057,0.16980552394745008,0.16039867590772733,0.16323906072204408,0.16284617771800972,74.47823023,217.38544872,281.78141741,73.50482631,77.61824863,77.57473704
sample170,0.975469,8.4865803e-05,0.15760972120706718,0.17177175203719985,0.1588207313566033,0.17699875901588147,0.15830056454065047,0.17649847184259773,331.20776964,157.96203535,324.23077586,214.9819237,54.00697549,223.19577456
sample171,0.976006,8.3936516e-05,0.166504615975214,0.17489142811629926,0.15642877500387062,0.1558148851852395,0.1783666018151965,0.16799369390418017,100.61526643,138.48276571,25.12301881,20.82440869,195.35465964,286.72943825
sample172,0.994272,8.3518848e-05,0.16522794350643094,0.18119920531427824,0.17751004850413282,0.15271196221694566,0.16920600027419272,0.15414484018401972,111.61011279,169.59653305,190.47871201,353.97624522,163.21945077,350.94780599
sample173,0.969508,8.4347196e-05,0.18048634130415225,0.16903768885224127,0.166453486484162,0.1649727236916133,0.15837522153603642,0.1606745381317946,161.36945201,105.5284764,294.04539987,304.24826508,54.63546842,319.44200765
sample174,0.986684,8.4854824e-05,0.15550312623004794,0.16243203533791095,0.1774338755102765,0.17452229785541526,0.17074148631464636,0.15936717875170298,1.37306523,86.96631695,161.51580831,257.2167203,263.78755162,318.5901801
sample175,0.988712,8.404052000000001e-05,0.1735462705307173,0.15958832425245234,0.17441020212708186,0.1543914671533207,0.17430992435250384,0.16375381158392396,245.01944086,72.43677056,201.27421697,343.60416898,175.01486653,91.96570785
sample176,0.950862,8.557758e-05,0.1706525953365277,0.16692499926250892,0.1736996978393618,0.16146977761482736,0.1588945640584767,0.1683583658882975,102.46888173,74.73991197,114.45925346,334.67414324,8.74446819,303.58236341
sample177,0.98893,8.405905e-05,0.16458862205203195,0.1589816819809359,0.16249068698992475,0.1821588153036312,0.1739764662827002,0.15780372739077592,109.25053955,316.77488383,96.67581902,216.76901974,140.22688679,59.51709741
sample178,0.965273,8.4944024e-05,0.17589467788424218,0.15705141314573193,0.17878929149474831,0.15668820393305183,0.17194017367264303,0.15963623986958275,149.90110515,25.34929357,186.75123022,13.10984927,131.08370148,42.77550995
sample179,0.994981,8.357840399999999e-05,0.173100601912556,0.16872581771433873,0.1578447223984564,0.17156757900082986,0.15648768767482324,0.17227359129899567,129.62489499,124.12462561,59.62228079,171.54286956,322.59427553,151.74406021
sample180,1.00551,8.345733e-05,0.17419467169239528,0.15499536126721034,0.1559465342185441,0.16730956260263752,0.17686579203357358,0.17068807818563914,180.66304998,48.48112133,321.86605743,134.22159661,221.77083763,132.13424995
sample181,1.00514,8.342661999999999e-05,0.17359461615454355,0.15137138024739422,0.1693505160378727,0.1550298910625093,0.1717990392434235,0.1788545572542567,205.75881103,358.05441429,211.19113309,53.62429809,154.80128838,179.73802055
sample182,0.975504,8.4868848e-05,0.17358303754942472,0.15371894734815222,0.1803437435880129,0.1772450780267012,0.15588600488506715,0.15922318860264179,160.22011329,13.45457665,193.45793188,254.4956839,46.40327267,328.59084786
sample183,0.966053,8.5978717e-05,0.17725510762353197,0.15461092353219705,0.1813054813130298,0.17226242628571503,0.15588636079600932,0.15867970044951707,174.53515038,9.50269184,209.23132831,279.66087756,4.65689047,342.73672977
sample184,0.982356,8.5464972e-05,0.15662893220868257,0.16099766037626068,0.15470742633238832,0.18121494342719852,0.18328655083092799,0.16316448682454182,30.7921411,78.51101271,30.12647073,201.78886598,228.04593852,95.02184323
sample185,1.00442,8.336686000000001e-05,0.17467292153305408,0.17139089494653342,0.1727539262906334,0.16130791733470906,0.1555298785627679,0.16434446133230207,230.00112233,254.11095705,217.17808311,293.76498113,327.04505083,119.85485036
sample186,0.981309,8.537388299999999e-05,0.17644211013795408,0.181100919749343,0.16208780284126492,0.1618201087262689,0.15671776569339918,0.16183129285176973,255.75051549,228.4755787,88.51062093,310.96568297,29.38164444,90.1419525
sample187,0.943809,8.6830428e-05,0.1601180012493583,0.16156792049469465,0.15953563942037252,0.17634075790412326,0.17179505945897472,0.1706426214724766,18.98732309,45.9630681,358.75073183,278.71373967,295.68969054,297.16484965
sample188,0.986891,8.3885735e-05,0.17423955438445482,0.15995761011932097,0.16641568939100682,0.17550729590681516,0.15537220611561825,0.1685076440827841,251.37590238,309.52629795,108.69743836,161.01096681,334.58932738,128.55430359
sample189,0.971978,8.4562086e-05,0.17307167778316465,0.15668405529099066,0.1674830477253258,0.18277352794372093,0.16134465342079624,0.15864303783600178,261.11978442,338.57626609,103.02856562,159.48640548,74.44634477,330.52812027
sample190,1.02874,8.22992e-05,0.169808316666601,0.1696150542998553,0.16983165362777103,0.16802389785644453,0.15818741923618226,0.16453365831314581,177.96977503,155.52212444,163.0236589,221.75875317,289.78504005,252.69236552
sample191,1.0125,8.403749999999999e-05,0.15573662982074646,0.1716585800499638,0.1742698936223229,0.17097158536584123,0.169704400689624,0.15765891045150154,316.36570452,193.76372929,229.88040909,145.87252283,143.26643288,80.9228
sample192,0.962685,8.5678965e-05,0.15645168033849266,0.18294481515858482,0.17285128648956008,0.15709387987189458,0.17260680330130698,0.15805153484016088,357.66207762,204.45664356,280.00936023,345.65003083,133.66355394,2.83903517
sample193,0.986392,8.482971200000001e-05,0.1646906874809244,0.16625225241596522,0.17152434096053795,0.1543832644512902,0.16650810787146847,0.17664134681981375,107.81449718,286.11163023,255.9602109,348.08094802,283.50056468,240.21052053
sample194,0.948211,8.533899e-05,0.15946778892777444,0.18026382186525397,0.1601920388287189,0.16936829138798254,0.16982071078992386,0.16088734820034634,31.62158266,259.03224592,44.45802403,101.10630289,302.62049214,52.77294956
sample195,0.996163,8.367769199999999e-05,0.1740087481314237,0.18180792935759593,0.16907295402578176,0.15924532627391352,0.15492087014593844,0.1609441720653466,157.52806036,211.44389248,122.47473405,78.11612984,1.11397905,299.24095367
sample196,1.00346,8.328718e-05,0.15656958458171608,0.17648326148591267,0.17876167169593504,0.17459714544219423,0.15999924849425715,0.15358908829998474,65.42628112,211.79979514,187.25969296,235.33583231,93.68472626,6.16834724
sample197,0.977964,8.508286800000001e-05,0.18158747900373023,0.17227588656976267,0.15605393743033705,0.17169437949205907,0.1641660546541861,0.15422226284992485,181.46038152,121.2930346,44.94934239,269.36176253,99.04888893,17.5282862
sample198,0.95805,8.526645e-05,0.1746097071457034,0.1586522280709644,0.1589359728324588,0.18221036437094526,0.15643801489529263,0.16915371268463542,128.95193492,36.32525076,34.06979468,206.72272097,356.61548536,293.12091874
sample199,0.98392,8.461712e-05,0.1561629548736604,0.16089179195799508,0.17446273204639134,0.17848148519595716,0.17011648595742468,0.1598845499685714,31.96406271,311.34173216,254.56851252,174.81425546,273.29690386,75.7698573
sample200,0.960398,8.5475422e-05,0.18475970948250206,0.1664787438294389,0.16061609264229781,0.1653351749806083,0.1641410121890802,0.15866926687607286,194.1161404,83.44948794,62.22391421,309.48086899,91.5425615,332.36132069
sample201,0.998873,8.390533199999999e-05,0.15519140788849725,0.1619971874225525,0.16021363411526096,0.17822712410789138,0.17787764613869242,0.16649300032710568,333.08208965,104.64155735,81.01487344,188.06625906,215.49800762,269.83010528
sample202,0.994368,8.452128e-05,0.1557743359126601,0.17717962119847608,0.17735367463904717,0.17521982466633163,0.15919971584285994,0.155272827740625,335.62906806,212.11412545,155.84344343,242.96177883,80.12437601,352.93158339
sample203,0.949567,8.641059700000001e-05,0.1662609973898641,0.18178777634915327,0.15752894647995677,0.16754791675719044,0.1657125416457607,0.16116182137807478,75.99507629,145.07319488,9.28029907,306.49013809,82.24755399,334.99582727
sample204,0.986442,8.4834012e-05,0.1658261627542933,0.15762321669264662,0.17404785228662104,0.17071851756036632,0.17725154396765083,0.1545327067384219,281.28443978,325.67504354,154.50306993,111.1043251,182.49473387,350.27639891
sample205,0.985402,8.375917000000001e-05,0.1764532154820465,0.15294184661452903,0.17203410180410333,0.1638147195987547,0.15669516257506863,0.1780609539254977,169.09744912,11.93795562,160.59696923,296.82612294,63.30116297,240.1557633
sample206,0.967454,8.5135952e-05,0.1581688610512148,0.1630508112592684,0.15922731804430132,0.17661753679521142,0.16685280130455343,0.17608267154545054,42.06747681,312.13772939,53.52752495,258.95900768,98.62522364,259.86517838
sample207,0.962872,8.5695608e-05,0.17159898513948285,0.16523926486956392,0.15824715997881345,0.1572110878798753,0.18336672019618944,0.16433678193607515,110.98481003,79.79788164,36.61059715,351.73817549,200.60372957,74.78459526
sample208,0.980234,8.430012400000001e-05,0.15875415349206057,0.1613681750208337,0.164476588248764,0.15746272748473233,0.179566027780781,0.17837232797282843,67.94164048,82.46102231,296.58218795,322.96646806,211.29116094,245.1649862
sample209,0.994144,8.3508096e-05,0.16369834983282033,0.15609415235677893,0.17707262259502532,0.17643059277714918,0.15702631943323586,0.16967796300499038,113.28222622,320.47840226,203.88761596,218.82730909,315.83949995,259.54069908
sample210,0.94671,8.520390000000001e-05,0.16471889470587697,0.1765637749147607,0.15803329382576647,0.17741930886496385,0.15990440484913773,0.1633603228394944,323.47434863,274.51307104,15.10991306,137.10730796,6.01887397,70.45591818
sample211,0.964515,8.3912805e-05,0.1784477419726362,0.15888691409470812,0.16058057203883397,0.17596724924549195,0.16998667668314849,0.1561308459651814,167.53371022,40.93479755,324.13841612,129.46310132,106.58660824,357.69874502
sample212,0.982129,8.446309400000001e-05,0.16131392900299013,0.1815075557094325,0.17449953360073353,0.1564027669339188,0.1695528402842541,0.15672337446867102,305.84750216,188.80360165,141.23617409,330.3759024,136.62325915,41.7079387
sample213,0.963362,8.477585600000001e-05,0.1640367103038644,0.17093511407426432,0.16104276199200046,0.1579619949877505,0.1804499033843835,0.16557351525773692,307.48550831,126.19538512,323.36598346,340.07848865,205.48301695,302.66521223
sample214,0.937175,8.715727499999999e-05,0.1616214827608708,0.16446094215098564,0.16472153615937518,0.16258517294124647,0.1863490409262678,0.16026182506125383,350.42099123,56.38751648,327.15803415,47.45485419,154.04330013,24.50385703
sample215,0.945568,8.6046688e-05,0.16001020750375855,0.17188738830669759,0.16236368615213248,0.16276480059070345,0.16000472866193935,0.18296918878476864,33.31143789,107.37122412,43.66822142,331.43063389,28.963055,156.9121669
sample216,0.99608,8.367071999999999e-05,0.15605853154458862,0.17790808034389413,0.17029784507173096,0.16959496342138128,0.17271415488552075,0.15342642473288443,51.60374786,200.72428798,132.28856688,266.37993378,235.50051321,14.58225946
sample217,0.993578,8.3460552e-05,0.15721894805777906,0.166517192822495,0.17147161471613684,0.17341805360437282,0.17752043853534927,0.15385375226386694,67.30524018,279.70774976,258.60234105,139.24081264,191.88554582,3.54652832
sample218,0.996983,8.374657199999999e-05,0.1797932386184974,0.16623320260368313,0.15461740735894206,0.17107118990639497,0.16401645563283473,0.16426850587964764,203.97078257,114.81949685,40.83867087,163.90605301,286.18250598,109.88030183
sample219,0.989345,8.409432500000001e-05,0.18264417144992004,0.17883552443779813,0.1570454766654567,0.16027260412413669,0.15934380517421814,0.1618584181484703,194.96387277,210.10646225,318.17844637,310.29511897,313.18304666,94.52729188
sample220,0.934269,8.5952748e-05,0.16188637016920854,0.16294524393468274,0.16231615085515472,0.16126346559012367,0.18381532148939705,0.16777344796143326,356.03377254,7.03825076,358.04385024,350.04510728,133.16704333,69.00626156
sample221,1.01037,8.285034e-05,0.16615375650323494,0.17611220751997475,0.17671826602677865,0.17042244998005274,0.15267458335897205,0.15791873661098685,120.25498688,171.64699609,184.77445607,235.73305092,348.41852001,83.18487957
sample222,0.990917,8.422794500000001e-05,0.16294007085593376,0.1552591277722977,0.1736527417303596,0.1793074250255405,0.17330588581358264,0.15553474880228582,104.0319997,342.07649665,157.68567128,242.0937894,155.61468754,339.44692734
sample223,0.991072,8.424112e-05,0.1694317073865125,0.17274723932607497,0.17555804543089537,0.1555370476808606,0.1699303472158898,0.15679561295976674,266.3306368,139.21130835,232.29098092,334.0641748,153.00156292,52.14335149
sample224,0.982306,8.4478316e-05,0.17676465440481953,0.16155950379255718,0.15581792336858674,0.16866996724971367,0.1561395576717272,0.18104839351259583,133.78231225,85.92433976,356.99362676,271.47479161,48.77782463,175.72936894
sample225,1.01332,8.410556e-05,0.16721650974065067,0.17206339479723265,0.16583929758081,0.1719646126155298,0.16517077584488737,0.15774540942088944,128.8073339,152.77046579,116.68562871,154.54259716,118.36975267,77.14427142
sample226,0.949406,8.6395946e-05,0.17294922084640482,0.16452513954722758,0.15974953266779446,0.17836221371298544,0.15846318525044417,0.16595070797514352,108.44312831,72.24550262,345.01014149,264.2601062,32.0997073,311.0084874
sample227,0.986253,8.3831505e-05,0.17719142860647294,0.15671037899120316,0.16014039589597728,0.15477520958838045,0.170110306202035,0.1810722807159313,161.45435494,44.27250152,77.41842678,2.76610588,267.31633052,228.74921869
sample228,0.975349,8.4855363e-05,0.15681256719413517,0.1745937453248903,0.1547876139946488,0.17850778094300976,0.17468966635088323,0.16060862619243255,354.25176936,174.08974223,349.23109743,157.30051302,121.62418795,72.22224702
sample229,0.986938,8.4876668e-05,0.17242720109644344,0.1568996439648691,0.16557391106618402,0.15493609523496482,0.17773356270607435,0.17242958593146418,257.4369095,46.15884906,115.96566774,24.55658492,227.44335939,129.64421477
sample230,0.990168,8.416428000000001e-05,0.1637059697843401,0.17964697992127954,0.17503852642250828,0.1706064720658692,0.15547293884805555,0.15552911295794725,99.38941813,234.05635294,147.32257738,263.53179026,1.49453436,354.70863136
sample231,1.00348,8.328884e-05,0.16833361610966543,0.16067903114696125,0.15444187106625756,0.16193343377003538,0.17484847617626437,0.17976357173081603,134.79700631,295.61334456,45.46698259,288.53835248,177.5571561,209.89187917
sample232,0.968899,8.5263112e-05,0.16404196598379564,0.15938378771082679,0.17212024041402318,0.15566860192022247,0.17690816626896894,0.171877237702163,86.72218389,335.46550172,268.64581934,352.93480042,255.65466597,112.99662485
sample233,0.972357,8.459505900000001e-05,0.15968475352686368,0.15548248228476114,0.1814024094982869,0.18312077187304918,0.15961753127362555,0.16069205154341362,335.34579784,26.69049758,154.76737008,169.28041744,318.78561454,71.81724557
sample234,0.984641,8.4679126e-05,0.16111863895253647,0.15368384405059327,0.17328428305164442,0.17617188405304474,0.15963343103218292,0.1761079188599981,78.38120529,3.40861132,257.64156843,180.07328244,309.52887556,176.58979087
sample235,0.956727,8.514870299999999e-05,0.1564287613338321,0.17996535919929696,0.16090761187110791,0.15964008530648366,0.16247232716149906,0.1805858551277802,348.12846052,164.30790269,49.80470065,337.70498624,323.87746214,227.33238889
sample236,1.02256,8.282736e-05,0.1710866432788013,0.17299204574588578,0.16402677623914036,0.1687875441767785,0.1543746166477898,0.16873237391160426,162.18743145,202.6869325,120.58319371,223.85910349,65.69939622,230.63001833
sample237,0.961292,8.5554988e-05,0.18740125804869612,0.1668225163814516,0.1581369842756445,0.15919510532335562,0.1575905877772607,0.17085354819359144,187.04002522,88.5858791,18.88876398,17.24659936,355.73171978,286.26350231
sample238,1.00951,8.277981999999999e-05,0.17534103999340298,0.1725026200603842,0.15231643638843173,0.15358642975985942,0.1726633774278964,0.17359009637002545,181.8486841,219.93268732,14.87750849,42.33206211,196.4923785,238.68283479
sample239,0.986149,8.382266500000001e-05,0.16545966297669867,0.1757354467585232,0.17935666377246645,0.15510191346725738,0.15640574517967382,0.16794056784538053,286.42300747,147.98262958,172.27790471,32.20187251,46.34658914,276.37993707
sample240,0.985608,8.4762288e-05,0.1703077551517767,0.17205476181634494,0.1545279063342103,0.16964583936951774,0.1584475773354823,0.17501615999266815,108.27780288,140.88026608,356.43795259,261.57005878,321.07458934,157.62659682
sample241,0.97669,8.497203e-05,0.15845407186025173,0.17390332481876994,0.16153961866603433,0.17417689322049723,0.15545110008577712,0.17647499134866956,58.34542016,247.45729325,311.54061303,181.80880651,345.76922902,219.45521756
sample242,0.992215,8.4338275e-05,0.1714893355275714,0.15527797870318732,0.17716316760633793,0.18064884801990683,0.15897899584535782,0.1564416742976386,175.97418781,323.31473748,203.06303051,203.24407907,78.50082697,49.49054654
sample243,1.01542,8.326444e-05,0.16078857351335205,0.1733536033940415,0.170483473799508,0.17432935767536234,0.1603611964028906,0.1606837952148455,102.12431885,172.79390343,139.15968031,205.07557596,101.81759369,286.28166243
sample244,0.970354,8.5391152e-05,0.15709362462392074,0.17932330343857472,0.17436199893849796,0.15571475879670937,0.1767118705456599,0.1567944436566372,341.19878623,146.45569065,127.00562903,347.1919968,238.65167808,11.25607466
sample245,0.939452,8.642958399999999e-05,0.15886485508209336,0.15971449676870383,0.17020909032231119,0.15985961928121328,0.16154487555111752,0.18980706299456085,8.55754495,14.10313056,307.33641638,19.91137714,42.63326049,193.70974648
sample246,0.947377,8.526393000000001e-05,0.1733817760957706,0.16659710597309124,0.16789977528085154,0.16767692115273433,0.1654216163025118,0.15902280519504058,119.15724213,312.17340669,97.09119347,309.45878957,318.40570056,14.17275618
sample247,0.987164,8.489610400000001e-05,0.17596195501815992,0.16635193235605356,0.161987916427277,0.17727623770718232,0.158849500006077,0.15957245848525003,167.11555612,103.51338289,85.7712049,226.63721125,74.40170376,310.21123956
sample248,0.987658,8.395093e-05,0.16032674932184995,0.15589892564209268,0.1595728139482993,0.1769145648518463,0.17963871317914498,0.16764823305676663,312.09776908,29.83812953,312.65836909,235.41310138,238.99448851,122.09273507
sample249,0.948613,8.632378300000001e-05,0.15978730018633555,0.162983010311663,0.15960759161602012,0.17515338543299006,0.164100622448017,0.17836809000497444,25.47988529,330.12982244,13.63842228,121.8551938,58.35551121,132.67551697
sample250,0.957722,8.5237258e-05,0.1795255020607916,0.1582419340488216,0.1608147384505237,0.1590473908962595,0.1781834916956386,0.1641869428479651,171.10240572,5.31345909,57.99780465,35.78877001,254.24369087,311.61295494
