name,k,k_uncert,Q1,Q2,Q3,Q4,Q5,Q6,theta1,theta2,theta3,theta4,theta5,theta6
sample001,0.889929,8.4543255e-05,0.16428261000422606,0.17096935939716246,0.1639396467395633,0.1660498637145073,0.1642965726220576,0.17046194752248345,31.90975652,79.86116207,3.97789149,340.46923097,35.10869253,319.77602693
sample002,0.955622,8.2183492e-05,0.17796065270834693,0.16103973252174208,0.1557958190823949,0.16038200073457848,0.1769357313615666,0.16788606359137104,223.66751866,310.10140567,347.06976773,72.48930648,150.47258052,103.65211033
sample003,0.925414,8.4212674e-05,0.1619045562347886,0.17739841054208155,0.16089673972823362,0.16149959301852695,0.158975662043715,0.17932503843265407,68.03250422,264.62232921,337.32467318,329.65356662,351.21199463,256.83436493
sample004,0.962026,8.2734236e-05,0.1628260303968742,0.18095952867294568,0.17495733160069254,0.15227167611330877,0.17241074319437288,0.15657469002180574,101.63642535,221.0854674,240.44232111,1.99022973,209.55743176,329.47316592
sample005,0.949982,8.2648434e-05,0.17409769548423612,0.15479500406840058,0.17432413092209573,0.16764353172548424,0.16580350509595312,0.16333613270383007,151.32020578,349.33280179,254.48804523,103.50819422,96.51633722,75.72681948
sample006,0.933976,8.3123864e-05,0.15930546285165864,0.16475037982877713,0.18365033369377146,0.15614092754710723,0.15647053519022036,0.1796823608884652,328.72198703,83.00692681,174.68705011,14.96938604,10.92900547,230.30800988
sample007,0.991766,8.1324812e-05,0.1724478266028432,0.16974921538731025,0.1615922270512582,0.16248386044756738,0.1699403855393167,0.16378648497170437,219.62490909,242.99382839,120.80328958,277.48826968,172.70687577,115.54334217
sample008,0.950346,8.2680102e-05,0.17697802629019083,0.17485521771993381,0.16006301370659376,0.1699511781091418,0.16051946916855847,0.15763309500558143,251.8099028,139.26370438,65.67803029,118.77440771,65.90896885,57.49981819
sample009,0.927398,8.5320616e-05,0.16245499840774735,0.1610455016297084,0.1595489976228527,0.16034669941228447,0.18157493858417892,0.17502886434322806,322.43158826,45.93102572,9.07280501,333.63917973,138.62801742,113.01415194
sample010,0.924851,8.4161441e-05,0.16036413869568694,0.18710791543200675,0.163932814412091,0.1614414501272698,0.16356112338866524,0.16359255794428051,49.9181208,177.35694365,68.21557875,59.635929,62.22249226,72.89786309
sample011,0.969343,8.2394155e-05,0.174642651131167,0.1709577603824936,0.17270381918771643,0.168007885362919,0.15467036288923822,0.15901752104646577,170.60696436,260.96894591,246.06414853,266.51595299,41.30584597,74.84867937
sample012,0.962375,8.3726625e-05,0.15226186729234029,0.17848273494086458,0.1787869220272693,0.15579302254220684,0.17550203695828703,0.15917341623903208,352.98185623,199.86214231,178.82269858,56.04979707,190.29166013,74.75900933
sample013,0.923819,8.499134799999999e-05,0.17878395498723426,0.1567028780962656,0.1796796291493789,0.16068121057881818,0.1643235513293192,0.15982877585898392,255.85872577,9.31472243,151.44126815,40.73875034,316.55944035,347.33058575
sample014,0.962748,8.2796328e-05,0.15540393764110683,0.16345226644037142,0.1744898351308661,0.16151452697314622,0.17148944507418543,0.173649988740324,57.52940078,294.07043747,238.90577462,94.62041912,262.46180219,246.54979818
sample015,0.99234,8.137188e-05,0.1533961582932701,0.16677607444498319,0.16683700212991392,0.17247880748404237,0.1749041224261247,0.16560783522166572,50.07294026,145.76805795,128.97191467,166.12047953,201.27939307,136.90237897
sample016,0.956622,8.3226114e-05,0.174098015809696,0.15381748056478606,0.17561065406829124,0.16149389298590128,0.17311839391843076,0.16186156265289459,166.84563665,359.58918683,186.19599471,79.17420371,252.41976921,80.60790082
sample017,0.9598,8.35026e-05,0.15453059191240906,0.16118931556453525,0.18065928346953103,0.177601275922142,0.15336579770299796,0.17265373542838466,11.46750073,86.87782782,158.69395047,169.73523548,344.92547979,196.15779433
sample018,0.976602,8.1057966e-05,0.16705702769858743,0.16701072014813634,0.15192620986442443,0.1738407352882157,0.17154417954423212,0.1686211274564039,122.78752365,262.84994108,5.59212413,213.26418231,133.00070829,123.23156546
sample019,0.964624,8.199304000000002e-05,0.16522173439487034,0.17190779071082374,0.15436782931818135,0.1534034389513718,0.17560743102357113,0.17949177560118162,284.50476691,238.21982538,359.76640641,3.58702154,161.05035645,192.9370973
sample020,0.946639,8.3304232e-05,0.16042297947567524,0.17728269672189406,0.15756611118952596,0.1733738354149962,0.17422301771540633,0.15713135948250234,319.47162502,182.33875635,49.01013108,125.24337426,126.56721514,50.76815386
sample021,0.964561,8.1987685e-05,0.16566143856782128,0.16255130641622376,0.16416049150981246,0.17729112440171452,0.1760545718119186,0.15428106729250937,131.09636666,297.29693053,286.30225243,180.23718751,231.35112363,338.09864616
sample022,0.963585,8.286831e-05,0.1728361309425507,0.15486643185730223,0.1590228495722179,0.15411576617404502,0.1789159370624572,0.18024288439142705,250.11702987,346.78568233,79.03626246,23.2464959,212.34562338,168.35020312
sample023,0.957879,8.237759400000001e-05,0.16715269210848072,0.15650192242484956,0.16863507386505366,0.18006311826004656,0.16519727775178655,0.16244991558978303,129.23472069,330.83174181,275.98363818,219.32208565,105.98728862,301.76931376
sample024,0.908732,8.542080799999999e-05,0.1672249113701565,0.16185742082544113,0.18474777641464463,0.16021363389121596,0.16334278281107753,0.16261347468746426,79.19618129,43.22158315,257.73487068,24.12224696,55.96402511,1.2868055
sample025,0.983563,8.1635729e-05,0.1678253409168563,0.17250651655515087,0.1637605668129098,0.17025589057480384,0.16902140874512023,0.15663027639515903,254.12476183,231.65632096,118.58268768,247.7969999,243.90183438,308.53046149
sample026,0.929758,8.460797800000001e-05,0.16179884311169723,0.1589472405805319,0.1802118971595268,0.1823878155071449,0.15713404298789285,0.159520160653206,49.96894978,38.25449987,139.47761743,255.58455318,354.93806041,13.75705427
sample027,0.989061,8.1103002e-05,0.15244593972441928,0.17172195726321804,0.17398123669952625,0.1685313680457769,0.16867565270613405,0.16464384556092557,38.72764062,199.60764255,197.40569806,251.36945191,146.85933994,128.54059492
sample028,0.956861,8.3246907e-05,0.1791156428361359,0.1762243780549424,0.15354614420809473,0.1568813394311049,0.17200062597672156,0.16223186949300064,205.23363338,244.91829279,5.27993779,52.8772787,253.88984199,299.23180903
sample029,0.957222,8.3278314e-05,0.17952207959316796,0.18319226526687427,0.1585447534097103,0.16706096225465322,0.1585769218931351,0.15310301758245903,179.64095577,202.37878779,67.01974986,115.98459431,60.59933721,4.23032539
sample030,0.94105,8.375345e-05,0.18055219687627827,0.15683505401056308,0.1612614099252223,0.1699562054891654,0.1632154111873523,0.16817972251141866,205.05628732,34.91700476,66.58124972,118.18036137,305.5607715,289.44081495
sample031,0.981777,8.1487491e-05,0.1735119770887676,0.16292567925182755,0.1727823300653859,0.17064975106915203,0.15284673878774752,0.16728352373711938,181.64854592,103.39954249,161.74822387,238.72633663,51.46056319,258.46679428
sample032,0.979849,8.2307316e-05,0.17248007547982308,0.1611621551806718,0.16748944274019278,0.16134998479074447,0.172516751682632,0.1650015901259358,207.13148456,291.97983344,253.53258081,97.21356922,158.00365062,108.49780678
sample033,0.949577,8.3562776e-05,0.17643003382158387,0.1559932000112795,0.15602299305722386,0.1768803173487497,0.16373231735393112,0.17094113840723185,164.6238896,35.03798586,26.90581681,210.68658973,298.84188299,272.790473
sample034,0.924747,8.4151977e-05,0.1859246864228075,0.16089979041443653,0.16111517240554862,0.15999717512052702,0.16345011812356075,0.16861305751311956,227.29585323,58.77837747,333.57835048,36.94875149,316.55381963,298.91471538
sample035,0.959657,8.2530502e-05,0.1669360955418881,0.1590713234259774,0.15508624780629512,0.17951953265994453,0.17958268082705658,0.15980411973883818,132.15681105,318.07101603,48.68768665,223.65430165,204.59398229,305.81531979
sample036,0.921828,8.3886348e-05,0.1836742977014762,0.1667151685766069,0.16567136282858264,0.16567592890797034,0.16066582366694324,0.1575974183184205,248.72149011,81.36254012,74.98013668,70.11118721,43.67258949,11.8342751
sample037,0.93531,8.41779e-05,0.16964536143070946,0.16764054798234257,0.17862133422866472,0.159108341115206,0.160469492252099,0.16451492299097836,119.55509333,297.41476846,156.6717457,39.85281749,58.92831,311.3730744
sample038,0.955605,8.3137635e-05,0.15680817655135026,0.17195348349576994,0.15458236118246954,0.17272315234872782,0.16796381443834218,0.17596901198334008,52.14086116,248.7756344,1.58293494,143.70915968,102.95317597,241.86441288
sample039,0.967468,8.3202248e-05,0.15674584594998808,0.15458067855218185,0.16684340658167596,0.16341979273219123,0.1797080003054511,0.17870227587851192,66.82128305,353.54382475,125.41407914,97.42880306,221.9120907,216.76112913
sample040,0.957219,8.232083400000001e-05,0.1782125835169398,0.16924579956729136,0.16040924542208962,0.15945839897802883,0.17479015220297967,0.15788382031267073,183.97334886,119.17765656,306.52488849,68.93678738,179.84217706,317.25790392
sample041,0.9681,8.32566e-05,0.16068893674243862,0.17377277366120922,0.17391824088759156,0.17768079522875413,0.15987174738497922,0.1540675060950273,301.97927599,232.21451589,253.56774661,203.92128473,83.15219389,7.8586556
sample042,0.966232,8.309595200000001e-05,0.15695413420675125,0.17484958255936384,0.17570655021625337,0.16964454463311804,0.16723545579705856,0.1556097325874548,63.01783153,240.41935532,241.61537569,268.67883595,132.85286871,339.48505158
sample043,0.931411,8.289557899999999e-05,0.15627411100548075,0.17589301869334764,0.15720673100100674,0.1718366713806992,0.1585544763238373,0.1802349915956284,8.67644367,258.24691981,22.34784811,277.27860442,342.77023265,223.45981043
sample044,0.915162,8.419490400000001e-05,0.15841897576651304,0.18679644002301649,0.16154105355474824,0.1626548977469005,0.16672420787379932,0.16386442503502233,15.57104043,199.58096373,332.54820277,329.99007018,316.98969483,72.53434129
sample045,0.918914,8.4540088e-05,0.16166275132243926,0.16333163268989895,0.1599816668129349,0.17499142983503488,0.16402568639368986,0.17600683294600222,39.72072828,66.92857535,354.19262321,280.5402583,66.03962467,118.71670537
sample046,0.93491,8.41419e-05,0.1832281142955375,0.18112144682717635,0.15649002283820423,0.16037447472029298,0.1623591729821965,0.1564267683365922,166.51156984,255.2819483,35.37662113,340.22367173,68.00353458,22.8366472
sample047,1.00425,8.134425000000002e-05,0.16934747289798646,0.16662719806837867,0.15575639068455638,0.16700023215109105,0.17074445738056476,0.17052424881742273,224.51290636,215.33643796,296.61548715,216.66732468,198.16757574,199.54483854
sample048,0.94838,8.345744e-05,0.15598900708298963,0.15781357301788138,0.16078208975516806,0.16870461834666872,0.18796187552583984,0.16874883627145232,24.44872918,22.97423703,71.82124175,103.42964404,193.52762528,108.05158626
sample049,0.96033,8.258838e-05,0.16087961433144787,0.15559445094117968,0.1672608471267906,0.17533194882809822,0.16568914183698613,0.1752439969354977,88.02711948,338.79516735,279.55374156,188.89474935,286.14365803,238.46220476
sample050,0.968296,8.230516e-05,0.1744757937254343,0.15959180941413276,0.15908602029869864,0.15493523257659286,0.17050386447513236,0.18140727951000926,157.17230592,306.1778247,84.20008849,338.7469733,136.50243998,167.66974863
sample051,0.942881,8.391640899999999e-05,0.15686984335977872,0.1780379647850548,0.1557708516377247,0.169989640890568,0.17296779696105335,0.16636390236582052,28.92384636,181.69563739,28.0778366,279.26047383,275.31554054,108.36990922
sample052,0.956689,8.3231943e-05,0.17983308326264397,0.15484836682774994,0.15571337897338025,0.17281363797186397,0.1569275457981983,0.17986398716616356,176.04852913,41.15708764,348.13546362,188.78443769,319.19903855,219.0506788
sample053,0.908371,8.4478503e-05,0.181305658718172,0.16140376649390437,0.163800301658202,0.16521259660178006,0.16309905090392895,0.1651786256240127,272.23712376,42.77648221,53.70104176,58.22603196,334.7648136,72.00817909
sample054,0.984681,8.1728523e-05,0.17371231915781396,0.17198723994036041,0.17239423231408918,0.15276030438766203,0.16035499524912394,0.1687909089509505,223.96866194,150.93803059,216.61161367,34.40471888,108.23378984,255.26307575
sample055,0.970271,8.2473035e-05,0.16882989922105004,0.1532581311144558,0.17166701861579792,0.17532841212041492,0.17427652663053145,0.1566400122977497,243.21193298,347.21025982,244.86384386,147.65119555,168.16311753,320.29381056
sample056,0.986632,8.1890456e-05,0.16928219126967375,0.1687887911509336,0.1517960831560532,0.1711114181068456,0.17234793236396467,0.16667358395252924,142.478188,242.29112071,35.2137941,197.69328477,238.42960798,129.53463329
sample057,0.930809,8.377281e-05,0.1670060477139448,0.16355477980190658,0.15961002824733758,0.18291086359939146,0.16977285471889836,0.1571454259185212,99.47133733,316.60605319,329.40571843,195.85254717,292.0397002,27.24746992
sample058,0.956947,8.3254389e-05,0.17065472691586675,0.1555293175813814,0.15537655982558712,0.1781391594257863,0.17885471940253683,0.16144551684884167,152.92658015,6.79971699,38.6299811,166.375218,232.94797346,302.69811761
sample059,0.977752,8.310892e-05,0.16814449674315662,0.17871661630463861,0.17835871708110884,0.16601272673420175,0.15515223078813484,0.1536152123487594,137.70836006,216.43792041,216.10779118,128.00778771,332.91451256,27.1520779
sample060,0.944903,8.4096367e-05,0.18576949053605873,0.15448502448264947,0.16066421399618144,0.15740315241605132,0.15661454467578556,0.1850635738932734,207.93774585,22.01180174,70.21829433,15.20373648,332.51539494,191.80142346
sample061,0.959689,8.2533254e-05,0.1771359956319044,0.154901119926936,0.1551194042184293,0.17140005877811604,0.17084561266145282,0.17059780878316147,229.27370446,356.2255749,20.855414,130.24716493,115.87417581,117.63360968
sample062,0.954618,8.3051766e-05,0.1651949489663514,0.1795797013123081,0.18036870723164702,0.1537797859953543,0.16553033131568884,0.15554652517865042,288.1452379,164.62594996,223.28608445,20.21625156,287.2893166,27.47203823
sample063,0.980968,8.1420344e-05,0.1662474288334812,0.1555703997749391,0.17474538413397295,0.1733241123610455,0.15934476855742785,0.1707679063391335,131.65741227,65.90801277,205.62246031,199.88966262,293.63282899,234.97813213
sample064,0.915218,8.4200056e-05,0.1730661522630071,0.16334322924346031,0.17605451644814546,0.16094004853910757,0.16500429321620821,0.16159176029007144,109.93705382,58.10046593,281.06396868,36.26333258,74.17613074,345.21604958
sample065,0.948211,8.3442568e-05,0.16909108321457697,0.155012783122985,0.1709751232034462,0.18599765177624578,0.16225400970850784,0.1566693489742382,125.03313054,20.45270303,117.03984649,181.6282517,79.63657921,28.84556286
sample066,0.908341,8.447571299999999e-05,0.15937876007097818,0.18913786943088268,0.16002290238394945,0.16176508881413376,0.16951828305234817,0.16017709624770765,3.51470603,233.22526738,30.58674329,346.88762473,313.81064532,12.9860547
sample067,0.914771,8.4158932e-05,0.16265997593538278,0.15965976867787685,0.16639670386436242,0.18512400873588866,0.1632731169548724,0.16288642583161694,42.13780456,14.44342155,314.09370095,169.45036864,325.84647003,57.62813744
sample068,0.906593,8.431314899999999e-05,0.17683258971172822,0.16264098025354945,0.16210619932226272,0.1754252445268658,0.16214305958174252,0.16085192660385134,286.55264837,339.92484123,39.66860105,106.65038398,38.36340508,355.32422733
sample069,0.966677,8.2167545e-05,0.1644788018193834,0.1581727084929035,0.16945500285659193,0.18056158348521728,0.17435230185987916,0.1529796014860248,115.99067653,61.95433377,127.58118502,222.47934723,237.13789458,355.47066673
sample070,0.955423,8.3121801e-05,0.15524096680007676,0.15743555719287955,0.18318227827275035,0.17690560469514577,0.15378446378235355,0.173451129256794,17.73057739,60.85680555,184.28998298,156.3372944,341.24818862,187.19644204
sample071,0.957561,8.3307807e-05,0.17484268670880374,0.16230056798957318,0.15992700423039113,0.1598702453146366,0.1736221197603112,0.16943737599628414,255.09908046,92.91993316,314.50311579,317.92492001,253.05215348,122.48945905
sample072,0.982716,8.1565428e-05,0.1725019537049558,0.17523957130301338,0.16485569270981584,0.16806277491880361,0.15222231272434622,0.1671176946390654,146.13231083,223.01733125,111.67895191,149.17489984,9.68443262,137.54547998
sample073,0.984028,8.1674324e-05,0.15997023193544457,0.16948489539783593,0.1703670763865646,0.17542609016518496,0.17290087049216457,0.15185083562280538,292.84161941,152.81905271,136.36647464,166.70877455,207.90233263,28.20943311
sample074,0.982182,8.1521106e-05,0.17312901048807428,0.17509370124243828,0.16081549645890508,0.1682203386489834,0.15207835820601345,0.17066309495558554,144.74754537,180.03282443,90.59351885,163.82779052,345.29473319,168.94808464
sample075,0.935509,8.3260301e-05,0.1612587417944254,0.17275551681512835,0.1641804343461303,0.16722257477444497,0.16799636418761082,0.16658636808226016,73.13838102,275.60861191,309.53523334,98.51217318,97.26109314,299.11179693
sample076,0.938083,8.3489387e-05,0.1730579971910957,0.16253843468893814,0.16680064511531464,0.1774169062767927,0.16263594085272065,0.15755007587513797,139.20878005,314.11003343,93.76300214,140.04589436,314.13975326,347.91466936
sample077,0.944262,8.3095056e-05,0.17675005317687356,0.15936194603476855,0.1570678085495515,0.15991542887060378,0.1796256851906916,0.1672790781775109,254.66013325,55.12892198,23.42807981,59.76244735,243.75879345,101.56498903
sample078,0.961804,8.2715144e-05,0.16161408088251789,0.1703537120799323,0.16566563487556937,0.1782370680049873,0.1687467502070146,0.15538275394997847,303.73202542,134.38308656,100.92302136,224.13510968,273.06626862,52.39214275
sample079,0.981528,8.1466824e-05,0.16413411341418938,0.16502361048591954,0.17362547733211398,0.1779028754241304,0.1642698865636597,0.15504403677998696,133.06896422,273.74547226,171.28761931,198.39432381,119.40511686,323.21073169
sample080,0.93512,8.41608e-05,0.16041657279491878,0.18565140603905514,0.16570286097002893,0.16835719440267816,0.16158809220863324,0.15828387358468585,59.05567954,225.2940481,91.39526811,289.7998233,328.17717794,42.30748711
sample081,0.947477,8.3377976e-05,0.16724791124040178,0.1788001098352272,0.1586589755477335,0.16147101603554517,0.15628110257058203,0.17754088477050997,289.9135407,209.28321105,52.08886308,81.71705917,27.46469878,199.37002342
sample082,0.951206,8.370612799999999e-05,0.18213205362626114,0.1837819550587883,0.16288535318109532,0.1573134882170449,0.15964597063909625,0.15424117927771425,194.03432912,210.24432202,298.53987408,52.97267349,325.63668075,351.24776343
sample083,0.962845,8.280467e-05,0.1711641354623855,0.1557003991724546,0.15672003202119916,0.15340816202885682,0.17826124094065252,0.18474603037445136,132.82328768,37.73471393,43.21610237,4.67540613,219.0345107,207.53810587
sample084,0.951842,8.2810254e-05,0.16654266429091524,0.1571238459987014,0.1644198106463614,0.15612606255792505,0.1750709779544555,0.18071663855164155,103.78079165,342.82999566,101.48883041,39.28273697,257.99878852,157.7095163
sample085,0.898284,8.443869599999999e-05,0.16391969459327135,0.16471752908653858,0.16504416345280987,0.17008639525224256,0.17288790913420315,0.1633443084809344,347.01963436,47.60796681,49.95385107,73.50647514,87.59033436,39.11408282
sample086,0.927432,8.346888e-05,0.16561413549298978,0.1591369015667088,0.16282099611006756,0.16247026449764657,0.1826550907745074,0.16730261155807974,84.36656791,7.78407911,321.59725039,320.11823911,246.64549293,86.4457867
sample087,0.941473,8.284962399999999e-05,0.1680043078721493,0.16504951086448882,0.17894716903527474,0.15630608582150435,0.15901404007130882,0.172678886335274,289.19910034,300.34545833,208.20390305,356.26065836,53.09872095,130.09035977
sample088,0.980124,8.2330416e-05,0.15365970258166434,0.16285462813002277,0.1772721469975857,0.1747593440526583,0.16822181755121351,0.16323236068685526,35.55228812,108.21832803,215.2071374,175.56302196,261.68288261,118.9896697
sample089,0.976987,8.2066908e-05,0.15968877044023486,0.17451744109083242,0.17081769619735238,0.15491422829932475,0.16505378030536633,0.1750080836668894,84.39488569,184.51234734,243.74640486,319.53375211,121.0355912,174.52633992
sample090,0.973178,8.174695199999999e-05,0.17618518380525594,0.17140415831992967,0.1639498648799695,0.17273762139597343,0.15239163246717524,0.16333153913169624,218.49981617,137.38827881,100.94898518,217.77447057,0.35464144,282.86657142
sample091,0.946657,8.3305816e-05,0.17613820565014238,0.15950285367422357,0.15757194846473654,0.17427669893746983,0.15410794911071501,0.17840234416271267,146.32040023,320.26758161,33.2341376,160.10910392,359.36368788,246.45324874
sample092,0.958134,8.335765800000001e-05,0.17282124308342067,0.15786605465343598,0.16463139209134514,0.17466128984593313,0.1670072843532413,0.16301273597262367,248.86039355,323.27473769,109.4892659,258.55618075,120.7200926,299.04039648
sample093,0.934185,8.407665e-05,0.18216356648131266,0.17422683961904195,0.16029457985865792,0.15960234618489247,0.16349127791611492,0.16022138993998025,153.72766878,111.56363559,56.40571464,41.32941053,315.76002894,323.83448749
sample094,0.960833,8.2631638e-05,0.15991023502932633,0.17772927996453103,0.17555258046280403,0.165802799368208,0.1647323061760585,0.1562727989990724,82.88564072,241.82855839,141.44310231,107.46767084,290.83609079,342.08057256
sample095,0.952753,8.2889511e-05,0.1621079780196305,0.15361032063898555,0.18050206722906614,0.17762723687038506,0.15524454327306414,0.17090785396886857,79.85855552,8.08178049,171.3282826,147.26323265,37.60052073,128.84168308
sample096,0.956847,8.3245689e-05,0.18367987868015948,0.1842320257796738,0.15951257345413422,0.15642708632619345,0.15689683228009418,0.15925160347974493,181.81675617,186.05819669,77.19888548,345.75791483,44.35003443,72.76390856
sample097,0.933544,8.401896000000001e-05,0.15954581755864325,0.1621328449573366,0.16640446002197007,0.18139641594753708,0.1587387470136832,0.1717817145008297,52.2547812,317.25505867,86.15291116,162.62810596,331.06363471,277.16020543
sample098,0.9604,8.25944e-05,0.1595270045817003,0.1557272441113806,0.17206129608653073,0.15434029542125846,0.17761106994046988,0.1807330898586601,77.910514,40.86069564,231.00854374,332.42286564,224.02811726,176.74589444
sample099,0.912253,8.483952899999999e-05,0.18914275035047617,0.1587038518513238,0.16049857492551267,0.16653638917646124,0.15996714461106953,0.1651512890851567,208.20376661,11.15379481,6.7057418,73.1552414,22.94088548,320.30508052
sample100,0.927069,8.4363279e-05,0.15832422826328169,0.16074721007259354,0.15996899665594386,0.15724252372955247,0.17595054003447644,0.18776650124415206,39.37608958,345.83427418,22.86939546,28.61725113,277.29195452,201.67070768
sample101,0.922664,8.303976000000001e-05,0.1577451235701634,0.16159014372156816,0.18399730573829656,0.15774461849710864,0.16078889582747025,0.17813391264539283,29.4656756,327.64206046,191.5306515,353.00580194,334.60282022,264.31815355
sample102,0.947464,8.337683199999999e-05,0.16593878491206993,0.15411045982179977,0.18070287689909836,0.17697491734285062,0.15646737842305114,0.1658055826011302,109.65441113,356.15408947,219.61427135,256.34675914,53.62142371,296.27329178
sample103,0.92996,8.369640000000001e-05,0.16301922635302396,0.16036345882531633,0.15858672785901448,0.18198971478813616,0.16921040308909344,0.1668304690854157,64.11978211,337.51647976,43.88000103,240.55334205,295.65229424,96.93907387
sample104,0.924635,8.4141785e-05,0.16421800419776497,0.18089074870947092,0.15800269856319743,0.175962021572298,0.15990425368114813,0.16102227327612056,319.49980225,168.42368295,345.53324402,136.29186194,30.41395829,335.77252112
sample105,0.936883,8.3382587e-05,0.16510315032919548,0.16293430581921925,0.18031948481638232,0.15505888426392964,0.17868253961244812,0.15790163515882513,94.07445692,64.80194547,177.40311601,9.29869203,186.44242805,28.96645378
sample106,0.935075,8.3221675e-05,0.16009301395219372,0.1575758120125898,0.17073536267054717,0.1749138452262933,0.17456798478819602,0.16211398135017976,44.80483116,21.94464745,284.29141783,275.167732,127.60480866,62.06468163
sample107,0.93954,8.361906e-05,0.16423386538400409,0.1608999962598256,0.1575676312272274,0.16273759507989582,0.1818813718959686,0.1726795401530784,96.64777068,326.42278893,358.28348368,310.45685331,221.74752243,279.15667232
sample108,0.997716,8.081499600000001e-05,0.1663856697796595,0.16254448651978745,0.16366555026785787,0.17128444733232656,0.1707611199914691,0.16535872610889962,146.97955868,114.1519666,122.82911349,225.11939733,194.83150112,258.57398936
sample109,0.898328,8.534116e-05,0.16419383132990648,0.1709911486624262,0.16178100211346363,0.16930719174119344,0.16344081334945365,0.17028601280355654,339.52068125,309.19803308,16.42512297,80.191977,39.42416785,311.79206973
sample110,0.882914,8.564265799999999e-05,0.16636691817235522,0.16732168034395994,0.1681956909684077,0.1653622065901379,0.16719430934689794,0.1655591945782412,348.39149645,341.02221478,57.36784803,21.97395959,48.73379752,355.93554565
sample111,0.96926,8.23871e-05,0.15565046600734617,0.15981027816787163,0.17448246311445975,0.16218531810605105,0.17226861242999983,0.17560286217427165,54.7568405,78.75353939,161.18332987,97.86224127,252.97766005,196.49982261
sample112,0.978602,8.1223966e-05,0.171525870408331,0.17244786997336053,0.15669997175644412,0.1753020436722134,0.17131182952307755,0.15271241466657354,170.36905941,235.40942031,76.555223,181.68150175,154.14945736,43.463787
sample113,0.933994,8.405946000000001e-05,0.15961254584972073,0.1683374960718867,0.18480673481982934,0.15515247599274568,0.16742584278780342,0.16466490447801402,327.61932913,96.38041357,182.51079715,6.50564615,294.15398866,311.21132564
sample114,0.915494,8.5140942e-05,0.16229213926301916,0.16024262259741406,0.16737872544744564,0.18294939728143797,0.1590104016109513,0.16812671379973182,36.54425158,354.97038295,312.47127048,157.80764353,355.346804,89.01583242
sample115,0.993467,8.047082700000001e-05,0.1709807272015288,0.16804653528182684,0.15441377390691863,0.16639143808543266,0.17021028980035197,0.16995723572394103,162.34184176,163.94994869,315.82369603,245.57980412,232.35101576,239.02297257
sample116,0.984855,8.1742965e-05,0.16742636129350535,0.17674550980612636,0.1712243252600032,0.1717707771709046,0.15167691752636348,0.16115610894309695,136.98403511,195.06904769,140.60142332,205.80227689,15.70205128,284.26186558
sample117,0.970597,8.2500745e-05,0.1537839379610425,0.16893808393431392,0.17704349260112012,0.17603716724069035,0.15513237826575077,0.16906493999708233,26.31654605,133.73067487,153.57143227,221.95857519,49.5696272,157.8538081
sample118,0.972224,8.166681599999999e-05,0.15962528063841486,0.16651421988678217,0.17004049343891942,0.1712813017487741,0.15954614745538842,0.172992556831721,85.18448918,270.00817621,260.68358936,174.70002845,302.85230185,188.82787276
sample119,0.952533,8.287037099999999e-05,0.15869926962205683,0.15620910929762155,0.17109746011817575,0.1529884713877181,0.17950557498580097,0.1815001145886268,317.05006622,28.530318,149.56364046,3.99995298,231.01585115,210.96561807
sample120,0.95313,8.387544e-05,0.1575421306094043,0.17270469502090427,0.16885124279729025,0.1796326813686162,0.1551106579434796,0.16615859226030533,333.2270112,139.1237764,100.54415204,200.9978359,349.78263783,122.11754105
sample121,0.977244,8.2088496e-05,0.17229738669306677,0.16474939402976818,0.16268761301944176,0.16550841116326187,0.17060546488356992,0.16415173021089136,234.70377401,111.68428062,99.2659963,109.39460224,153.05681034,281.27843504
sample122,0.92733,8.345970000000001e-05,0.1625348174900429,0.167493915176819,0.15768432809881539,0.17733466455975427,0.1761563207473722,0.15879595392719628,332.57514465,96.98076314,357.77942627,122.2496533,117.5592525,347.62449325
sample123,0.946584,8.3299392e-05,0.15886338363804503,0.15659438897315991,0.17468968615161434,0.17859107042158429,0.15529399393547294,0.17596747688012337,328.70825628,335.41166149,262.2399272,231.80770373,337.64174338,195.79711095
sample124,0.956176,8.3187312e-05,0.1790046110215372,0.17934516267929118,0.15527029640969522,0.15883191579870243,0.15804391599273304,0.16950409809804096,249.41095194,193.90257321,33.83267731,331.03349116,54.94997371,124.8308922
sample125,0.942127,8.3849303e-05,0.16822769548038613,0.17996509806709332,0.16191282453109562,0.16200235757043224,0.16814244965785516,0.15974957469313744,287.27356428,199.78008684,310.52173265,86.26557716,287.70156381,322.11090577
sample126,0.943597,8.3980133e-05,0.15716399046391427,0.17521241359592798,0.16700622874699772,0.17343796381001209,0.1703573035409623,0.15682209984218565,30.23592009,261.10092459,95.98109728,115.16369031,109.296558,20.87605594
sample127,0.953424,8.2947888e-05,0.1597275657648105,0.16889391604951448,0.17639251696766256,0.16033876196336924,0.17362252403324988,0.1610247152213934,77.78405055,279.68861041,225.50680571,308.99522511,154.13157973,70.39009845
sample128,0.949613,8.3565944e-05,0.17025535250822382,0.17781065937050966,0.16395723208386945,0.1576621087664078,0.15916305989828022,0.17115158737270914,280.36406743,182.0272687,300.11531315,340.79681,325.43140761,140.39829487
sample129,0.951872,8.3764736e-05,0.16482055180039706,0.17110834090490243,0.16141847613084637,0.172028698996529,0.1755517923493486,0.15507213981797652,105.22394179,271.7875626,308.34328285,125.86553276,142.05571255,348.46999463
sample130,0.960472,8.3561064e-05,0.18110370084718957,0.15953524485475556,0.16166297901905122,0.17332308972018762,0.15305443987726786,0.1713205456815482,220.61658123,82.07073977,302.64244493,192.51799539,350.9910164,137.60397152
sample131,0.945151,8.3173288e-05,0.15740349812307364,0.17612072032180143,0.15962018672245618,0.17480585193053505,0.15597927296156344,0.17607046994057018,333.13493729,215.8259472,321.25845447,240.78554726,31.53699631,186.94393941
sample132,0.940284,8.2744992e-05,0.1713472829518849,0.18098964009749471,0.15557989630893004,0.16758760420667287,0.16776977212219957,0.1567258043128178,118.41957261,243.24181858,353.69356924,112.47758093,296.68575537,346.49741435
sample133,0.964308,8.196618e-05,0.17480904047514262,0.15726067984615005,0.17339853041942654,0.16499764434176462,0.15225948212127022,0.1772746227962459,150.89771254,62.56114667,146.174832,106.96652396,16.12343618,219.50710466
sample134,0.945144,8.3172672e-05,0.16745929994443523,0.16405901854392108,0.17501328667841098,0.16906105625441104,0.16405710425470926,0.16035023432411233,118.42623674,304.00229726,262.3975847,108.04634065,88.27593027,325.15740866
sample135,0.932132,8.389188000000001e-05,0.17746848436318585,0.15739978458147538,0.15784778693835735,0.17750439759559894,0.16317106132022113,0.16660848520116125,265.83455426,21.64578622,20.04293654,150.04161651,314.98163381,97.38243797
sample136,0.95881,8.245766e-05,0.17963554234995988,0.17935642287621562,0.1535251302218767,0.15520212761421662,0.16954460492795098,0.1627361720097802,223.06030291,196.80997464,355.39260129,30.54519731,262.66585518,295.74103082
sample137,0.966527,8.215479500000001e-05,0.15115925540839265,0.17527388120754778,0.166621501706721,0.15278281946689912,0.17735196405245152,0.1768105781579879,352.73801081,204.35552117,116.94394487,32.57893806,183.25587559,200.8091326
sample138,0.945094,8.3168272e-05,0.15532831993777027,0.1618248505905208,0.15874694515003096,0.16881466809142798,0.17842007870937476,0.17686513752087524,10.35665816,76.64171565,52.05248777,283.44957284,253.83655092,252.06090817
sample139,0.969619,8.2417615e-05,0.17260489314904937,0.17410750403100161,0.17645627037029427,0.1572865410556633,0.16487305335355612,0.1546717380404354,240.40785267,140.33574892,168.9156273,58.66227295,126.01699592,336.82438716
sample140,0.931302,8.381718e-05,0.1699535942413678,0.1697188388994742,0.16085125572940623,0.1589341039033796,0.1742241456906368,0.16631806153573536,289.36711085,291.52330033,328.89740547,40.17026277,119.41161753,88.0495332
sample141,0.984454,8.1709682e-05,0.16983181364787142,0.15096718605400616,0.1716933718573837,0.17163212467275055,0.17010757439677707,0.16576792937121104,227.517806,5.24486701,208.3347623,142.32697845,139.9040382,117.92102161
sample142,0.99201,8.134482e-05,0.17066746012377382,0.16696025364972927,0.16610452547384097,0.1603797756395972,0.16861987743561524,0.1672681076774436,202.36960542,254.53972179,251.91348899,285.12471584,186.1181742,256.14913856
sample143,0.956482,8.2257452e-05,0.1700540155677523,0.17293589221559402,0.1545270516213518,0.16733339284966287,0.15938966237345992,0.17575998537217918,113.75311089,254.39607271,359.36821785,275.84264892,318.00885624,157.50570247
sample144,0.958374,8.2420164e-05,0.1781224755275554,0.16253127370716514,0.16449254941240732,0.1709638992065094,0.15341052164613556,0.17047928050022734,235.96170528,96.87484799,294.02908072,153.14827656,0.0212696,268.10443202
sample145,0.96393,8.289798e-05,0.16953444783898952,0.1750659179087525,0.1614866388989287,0.1695366456021062,0.17108387083626286,0.1532924789149604,265.86758531,241.24849343,87.85536833,117.30434601,139.84096518,349.50297802
sample146,0.975516,8.1943344e-05,0.164704386376164,0.1589111024442036,0.1645904305495321,0.16751963132312142,0.16615742243037798,0.1781170268766008,115.53706039,304.05306373,279.28485691,132.64234931,110.14478855,187.15818317
sample147,0.930588,8.375292e-05,0.164298587162087,0.17372697943951698,0.15679719657358993,0.17751514477290425,0.16022178622356617,0.16744030582833563,73.68735038,273.87199896,356.27613743,151.46628669,41.22471419,94.87290177
sample148,0.937941,8.3476749e-05,0.16708405729317038,0.15649465554461467,0.16582067312948065,0.17576466777000882,0.15536511802330633,0.1794708282394191,297.77160921,41.65999953,302.14414101,254.92235439,346.90339182,193.56868298
sample149,0.966894,8.218599000000002e-05,0.1748197041732647,0.1659454767546662,0.17328551402503428,0.17194036067388646,0.15463804456691105,0.15937089980623725,180.24712876,279.93588668,245.4443202,247.52458231,338.0251683,78.1427239
sample150,0.989865,8.116893e-05,0.17025296869381012,0.16765453497191468,0.15753407617096443,0.16799871140344036,0.1701728247533263,0.16638688400654406,238.44421826,162.88794992,300.73348554,242.69794828,233.44807115,260.24320122
sample151,0.958692,8.2447512e-05,0.1745976686459924,0.16068455925938074,0.16663423564242225,0.17282099514514568,0.16986040593909713,0.15540213536796182,213.33156118,308.74272807,114.04869326,122.19135156,124.2787267,37.15433916
sample152,0.951371,8.2769277e-05,0.16466560847860945,0.17531121606424166,0.15703724524302318,0.17290117628280333,0.15735168511503778,0.17273306881628472,87.86101657,241.04980697,331.64804273,247.06865265,47.63731399,136.2129199
sample153,0.952795,8.384596e-05,0.181701838784253,0.15309921129230936,0.1593668880008901,0.16155210153146415,0.15941696436486613,0.18486299602621745,200.53110844,3.9250042,326.17445094,308.98413696,77.40594861,215.57863027
sample154,0.963513,8.2862118e-05,0.16369315618836672,0.1561706693105383,0.17110916042062932,0.17879957371149288,0.17416106638541728,0.15606637398355555,292.77543569,330.94760624,145.82711079,242.61945839,165.02381671,329.99430775
sample155,0.928431,8.4487221e-05,0.18035352603559068,0.15817874130696796,0.16099068338994413,0.16457454496529234,0.17049601844630785,0.16540648585589707,172.52391027,351.4250013,56.05662548,79.03962206,288.73369904,307.77437255
sample156,0.953019,8.2912653e-05,0.16606778011024934,0.1834813273187616,0.17438355313761938,0.16155064178578296,0.15765335555413115,0.15686334209345554,102.55422725,189.83486761,263.42507253,86.92960417,41.05690908,346.06376562
sample157,0.971576,8.1612384e-05,0.16663890626241212,0.15504064221740518,0.17147917092517842,0.15434709204673291,0.17618273612983437,0.17631145241843715,267.15242534,53.28954811,208.22103691,47.38764656,210.03306646,171.03482607
sample158,0.921411,8.3848401e-05,0.18943985096424754,0.160861450536379,0.16527318883692516,0.16407409581809373,0.15817093072496557,0.16218048311938899,208.01001485,49.83846568,84.58397881,326.3439847,11.74828839,59.53162153
sample159,0.960445,8.259827e-05,0.17191434703479203,0.15618552917326356,0.15888605551281954,0.1543547093753848,0.1779722549290499,0.18068710397469018,260.025436,52.21374371,323.29431211,20.12115975,166.59266504,163.91297068
sample160,0.957869,8.2376734e-05,0.16436099359025336,0.156218388656498,0.17798329569131424,0.17439829099931609,0.17258958535460373,0.15444944570801455,290.38097768,49.3393507,211.33262485,261.47667092,251.87062975,29.26999103
sample161,0.932732,8.394588e-05,0.16815579005039527,0.1579435166281623,0.17315798620559616,0.15682864668485774,0.1825143559357594,0.16139970449522928,106.38426879,10.33108977,135.48798302,18.0380765,185.88201317,52.08615013
sample162,0.981841,8.1492803e-05,0.1628156200273859,0.16015894775817274,0.16383569917319535,0.16509827315808417,0.17297757673741276,0.175113883145749,106.0717622,98.56641515,276.28103108,270.59051414,228.98632783,220.843116
sample163,0.935229,8.417061e-05,0.17656147338352762,0.18000248574866085,0.15710902374294486,0.16111645914508246,0.16716659744392628,0.15804396053585784,126.39964648,140.14340922,347.74077972,64.5146631,300.89046533,338.0573974
sample164,0.908231,8.446548299999999e-05,0.16468573202740033,0.16141973436524937,0.1624993188984352,0.16136627431789607,0.1684474688209695,0.18158147157004967,326.93333906,17.5207629,17.26984898,17.8892179,73.30473304,126.05414162
sample165,0.969958,8.244643e-05,0.1781561688013052,0.1632857845782721,0.160501978163551,0.1584513320567275,0.17219344914468104,0.16741128725546314,184.01814028,95.51497275,88.60412623,67.56032169,148.39994384,110.76071655
sample166,0.960157,8.3533659e-05,0.1781903280953281,0.17277241025850676,0.15450319051505418,0.15785090056830503,0.1694167232944243,0.1672664472683817,234.73149487,145.62975914,352.8985158,63.79555684,268.1701033,281.01278343
sample167,0.959433,8.251123800000001e-05,0.17446674377614352,0.1700233110023731,0.15506210842895626,0.17420577520852354,0.15721475075560948,0.16902731082839406,156.36490296,265.17619282,340.40164331,198.22593027,57.15498839,270.92270822
sample168,0.938455,8.258404e-05,0.15813377436114134,0.17272594034724228,0.16198625604918065,0.18086377696479222,0.1572221459192556,0.169068106358388,340.63414777,134.28439275,63.99787297,211.53544178,341.11265868,281.90248382
sample169,0.954929,8.3078823e-05,0.17191190988391433,0.18064066192861514,0.15924240725944458,0.17049483008129251,0.1633372034546977,0.1543729873920357,126.00660782,166.61196685,64.81720245,136.65711649,301.56625234,28.92672139
sample170,0.955285,8.3109795e-05,0.16907775813891984,0.17896368298381865,0.15661909496959078,0.15690914630897884,0.16550865182712782,0.17292166577156415,111.39296864,182.23419027,341.85769806,338.38604005,109.52599589,264.34193888
sample171,0.970849,8.155131599999999e-05,0.17642075585675143,0.15892972450932336,0.15962568267209248,0.15617638690536756,0.1693969273822134,0.17945052267425182,164.19430794,73.94923198,89.9235149,324.23435046,256.90058436,198.3218633
sample172,0.969196,8.141246399999999e-05,0.17634421167953288,0.17590602874270467,0.15192134616283937,0.17433056730354463,0.1656108059550564,0.15588704015632215,186.84662081,193.56684909,344.22152207,214.10992076,118.52076068,317.11172997
sample173,0.950309,8.3627192e-05,0.15768706421348067,0.18257286323267677,0.1826594427598492,0.16241007185305537,0.15789899022029075,0.15677156772064735,60.33379677,229.33515866,216.41385798,301.21596413,340.37981717,26.88579814
sample174,0.956959,8.3255433e-05,0.16219734374230632,0.1660880753894537,0.17980167842699568,0.17954712412829577,0.1543701223482062,0.1579956559647424,92.91207475,284.8995514,231.50767818,216.69628374,24.79264866,53.26778292
sample175,0.919303,8.3656573e-05,0.1594275863275384,0.16290992050158393,0.1583389713933715,0.16746610667273631,0.18932465731026765,0.16253275779450213,21.89415985,339.04126652,9.35070365,305.94408328,218.86102538,60.69852868
sample176,0.951501,8.3732088e-05,0.1542011062658154,0.18143036842290697,0.18564561266962704,0.16345641843872175,0.15749640861349873,0.15777008558943,1.02219375,171.63086476,167.73038538,88.18240135,38.96080874,38.32315226
sample177,0.972085,8.165514e-05,0.1707629156192538,0.17352973956686235,0.1515286549702996,0.17476733749659829,0.17593079769832382,0.15348055464866195,249.96437652,205.46461889,30.32399582,184.23187817,217.44242154,55.25776229
sample178,0.910717,8.3785964e-05,0.16240678681373766,0.1620521423586252,0.16608653017564629,0.1657677187341855,0.18394508989940037,0.15974173201840508,47.09695171,13.03527887,71.61388968,60.09350416,142.06103568,4.67022118
sample179,0.980062,8.1345146e-05,0.1663614977973129,0.17174760459960725,0.16633837718194577,0.16132130330510192,0.16466841101079444,0.16956280610523766,113.55251365,156.45474158,270.8495795,109.65303962,277.64599191,144.04916683
sample180,0.961089,8.2653654e-05,0.16489906611474364,0.1790767326013495,0.1776691549058871,0.15504048799452744,0.1619668019988928,0.1613477563845997,283.7266951,189.23382163,231.81709702,50.39919666,298.76793141,304.18978484
sample181,0.94565,8.32172e-05,0.15908487194494209,0.17403307223429493,0.16801312339861924,0.17688237825563136,0.16242761312248022,0.15955894104403212,329.5175042,255.48357949,288.52125737,250.20403849,85.4273355,325.229641
sample182,0.972572,8.1696048e-05,0.1744713076640346,0.17845130702267215,0.17178281493979825,0.16495447559985887,0.1537371449997163,0.15660294977391973,177.88110866,219.29887035,250.46026221,276.44227264,32.15852039,319.35163362
sample183,0.969524,8.240954000000001e-05,0.15450013509461077,0.16920436697040686,0.18056874336279682,0.17197682508860324,0.15429873030859964,0.16945119917498264,335.10999632,136.24344985,201.46346565,246.43635531,333.78184741,237.60841139
sample184,0.922977,8.399090700000001e-05,0.16722762008223388,0.16917048391351014,0.1823148386352118,0.15818297018178507,0.16200854851957475,0.16109553866768433,305.41309245,89.23868695,143.73968702,0.32392058,335.4405148,45.87265342
sample185,0.977382,8.210008799999999e-05,0.16780357392670697,0.16141270010560435,0.15239418343022804,0.1710230523001744,0.17953135570699807,0.1678351345302882,260.52979654,293.12545316,27.14371727,149.12376548,195.93758549,129.00363511
sample186,0.942552,8.3887128e-05,0.1619004858074191,0.1720930627019832,0.1597595008825152,0.1699604589278712,0.15768845865648157,0.17859803302372962,312.90647958,265.66699581,67.09587318,275.6919116,46.64085866,201.94121875
sample187,0.997565,8.080276500000001e-05,0.17135034589215353,0.17100109270420005,0.1608809933745915,0.16166202909331068,0.16794701635817935,0.1671585225775651,209.90947917,222.28088465,117.61284894,274.37623869,231.57972235,248.55897774
sample188,0.977077,8.207446799999999e-05,0.16643628473365316,0.15266406234916302,0.1597489874894739,0.16880165585879853,0.1757506389917915,0.17659837057711986,268.18728618,17.41438959,97.43046105,262.33316081,178.00171758,215.53049331
sample189,0.994215,8.152562999999999e-05,0.16413632169354367,0.16633749908255657,0.15561597054133286,0.16908040964879678,0.17221168824899197,0.17261811078477818,118.65309268,143.87482621,73.92955946,230.35683226,225.1669175,199.43303377
sample190,0.936373,8.333719699999999e-05,0.17892853029493233,0.1609866830094754,0.15678895565954507,0.1657208848995783,0.18328042623696172,0.154294519899507,170.4049023,53.92374647,23.39079826,84.52790847,210.43442729,4.47810753
sample191,0.951454,8.3727952e-05,0.15340388075409517,0.17118803992870274,0.1564273416438885,0.1537159361201489,0.18334511365647777,0.1819196878966869,352.21959133,148.39171611,22.26703885,6.59944237,205.87134395,185.14624133
sample192,0.975982,8.198248799999999e-05,0.15851487111248164,0.16302363039078382,0.16839249911080212,0.1654351568055172,0.17305988674962292,0.17157395583079235,305.41332662,283.99801536,256.40068378,274.80084753,158.47428246,155.06391353
sample193,0.886986,8.5150656e-05,0.1644001060181853,0.16649546348598332,0.16367513176066134,0.16927105264381556,0.172615378733434,0.16354286735792037,25.19392201,343.4745414,5.92960999,325.59737879,314.45479097,20.35381074
sample194,0.950094,8.2658178e-05,0.15733905567364712,0.17091482604351158,0.15813349505861302,0.16753217464487566,0.17671184012110164,0.1693686084582508,332.69104712,264.67378672,329.28643369,284.3752241,142.75889824,115.82720346
sample195,0.948797,8.3494136e-05,0.1605550093053177,0.1671923736395518,0.1551246379893771,0.1804522393361419,0.17884165179288838,0.15783408793672327,73.59204108,286.70209877,339.88805232,196.61972239,248.8911649,60.62824974
sample196,0.992442,8.138024400000001e-05,0.17174938109199164,0.1702819939554465,0.15303112532125207,0.1623900565718297,0.1720178859006955,0.17052955715878457,155.04694986,188.54851637,326.23163546,125.57854547,227.38939601,152.99428543
sample197,0.883589,8.5708133e-05,0.16654382458902128,0.17003960979182753,0.16523208393138028,0.1665371506561102,0.16571010437613953,0.16593722665552119,39.75255311,64.93620295,3.61864237,45.09444901,358.8107544,353.69346839
sample198,0.951468,8.3729184e-05,0.18125374545388434,0.16127895705985407,0.15554705778520467,0.15907126828922802,0.17311496594215517,0.16973400546967382,194.00077572,311.42238171,7.75363226,326.90142293,259.8471725,111.78641336
sample199,0.940121,8.3670769e-05,0.16558646388856177,0.15584861659540752,0.18048739406261993,0.1638943097637433,0.17686996149042547,0.15731325419924197,296.48837163,11.27378519,181.93948088,72.9529069,155.52716157,344.42228858
sample200,0.937781,8.440029e-05,0.16595408550570145,0.1606463198953387,0.17412035242433052,0.1749351923636011,0.15929404092773847,0.16505000888328974,86.24074087,65.26502871,274.45086049,141.00198806,328.07285225,85.57783583
sample201,0.940183,8.3676287e-05,0.15762957709287062,0.1786625593499806,0.15854140781568904,0.17207726010312352,0.16388241716175336,0.16920677847658278,35.88017248,201.0889744,330.12996372,270.51546368,79.87816985,112.59129521
sample202,0.968842,8.235157000000001e-05,0.16562379960025664,0.15315747287736048,0.17330029853106582,0.18068544830668326,0.1728281599239651,0.15440482076066864,130.93368175,359.72419748,154.79932239,181.20952714,246.06577338,38.92477647
sample203,0.931747,8.385723000000001e-05,0.15672548490863902,0.1851710283085991,0.1650715342573179,0.16979883085830033,0.16161771881833997,0.16161540284880363,12.6730146,213.22572988,83.36942759,287.51685436,59.46112909,67.43209197
sample204,0.943785,8.3996865e-05,0.15798258880814486,0.1566557191819819,0.18283726165063102,0.18129648103389373,0.1604002641510039,0.16082768517434445,0.88420344,39.8734565,177.26760583,249.81622882,77.50904319,324.95789584
sample205,0.924533,8.413250300000001e-05,0.15881353371680937,0.16075769668362555,0.18048616840718967,0.15835008773962483,0.18274270652653318,0.15884980692621734,0.00933085,340.36481889,161.07204567,30.87120576,175.72203016,4.40682738
sample206,0.939649,8.362876099999999e-05,0.17651439717788792,0.15840490370707225,0.15767870494217484,0.17437643655415558,0.15481404138889293,0.17821151622981637,267.77024806,56.23238582,29.36629471,261.7586076,13.75957495,158.00357852
sample207,0.93735,8.436150000000001e-05,0.15719964228484962,0.1656615628862368,0.16533370100629308,0.17499479180367475,0.16067993695940713,0.17613036505953875,23.18807585,301.24612676,83.21105058,134.63692289,321.31768621,157.96950895
sample208,0.976776,8.1072408e-05,0.17058424549180756,0.17135357496924516,0.17104481264934618,0.16293623453649236,0.16879013427098255,0.15529099808212624,145.09504224,130.54367478,154.13631348,286.92761942,246.55929163,56.34839181
sample209,0.933588,8.308933199999999e-05,0.16395235141782233,0.15997165373798686,0.1770327517704566,0.16679927928378502,0.16881201312002786,0.16343195066992144,311.69419749,331.85141639,262.85836231,98.82117576,292.72299649,80.844485
sample210,0.953466,8.2951542e-05,0.15689173460895206,0.15963319942987964,0.17566640515921006,0.18247242009151657,0.1677049224891698,0.1576313182212718,8.62680596,75.86022501,258.27759961,231.31403749,114.62035719,337.4529763
sample211,0.923485,8.4037135e-05,0.15886569358098626,0.15787934895197098,0.17956893610061725,0.15936734623826126,0.1594227713356338,0.18489590379253043,342.67701932,352.94986751,255.41213476,340.51569618,42.8101089,187.88256353
sample212,0.934987,8.3213843e-05,0.1631655152359848,0.1660203948621793,0.15843468931425536,0.18319810289679236,0.16044148760164845,0.1687398100891398,72.86093764,297.81660072,48.21048644,204.89213158,56.13240513,105.76092816
sample213,0.961832,8.2717552e-05,0.17286023933479694,0.164004893896335,0.17344779922330772,0.15727393435567488,0.16583284687032007,0.1665802863195655,256.52218992,94.61045158,148.51116037,54.23914127,282.33501456,117.47315341
sample214,0.964954,8.2986044e-05,0.16673298115118085,0.1789583708078382,0.1653799061322298,0.17390572615758038,0.1543241203115776,0.16069889543959315,116.20447729,226.440813,103.90262995,233.53960964,20.01221636,302.58631461
sample215,0.991627,8.1313414e-05,0.17117673582282938,0.17081320602812788,0.16664642142803232,0.16636554331144487,0.15704094019674442,0.1679571532128211,171.42251169,231.28803075,259.33948654,166.74237626,302.9603531,242.27967932
sample216,0.956353,8.3202711e-05,0.16581412614588292,0.1729094085795574,0.17544329525391184,0.15427567267920517,0.17259740723081615,0.1589600901106266,112.66727749,267.54326757,237.02267323,35.08953259,250.13265163,62.93574692
sample217,0.932954,8.303290599999999e-05,0.1588086535999037,0.16058317720918697,0.1740992262867013,0.17725150004402984,0.1665080178736901,0.1627494249864881,26.35156287,330.27741469,277.45045148,143.56344343,302.1309549,73.36772966
sample218,0.97346,8.27441e-05,0.16528941110363343,0.16864065734185438,0.16280431369740392,0.17326370207005629,0.17606211253897425,0.15393980324807788,273.15441639,257.90493198,284.32836527,157.43005761,185.96562958,48.97223123
sample219,1.00176,8.01408e-05,0.1661081556139108,0.17196681257443258,0.16696358852931886,0.16048364499102763,0.16765358024843813,0.16682421804287179,135.3662113,190.12310947,160.91702802,277.00904583,229.24800191,147.22017018
sample220,0.943719,8.3990991e-05,0.16403342156146716,0.17341756868057373,0.15797313447831163,0.17824216919967595,0.15639729205576275,0.16993641402420856,305.33648851,149.20538458,43.06043031,186.70281108,34.80591792,273.33015107
sample221,0.961383,8.2678938e-05,0.16958831240730565,0.17161458509787292,0.17497988175774648,0.1536057191210391,0.1660146589145835,0.1641968427014525,266.60639606,265.87050251,226.92106847,14.082982,125.41126882,293.17457624
sample222,0.952782,8.2892034e-05,0.17420529061065482,0.17444468838690208,0.15744905027854553,0.1737194775354059,0.15520414474943936,0.16497734843905232,130.99757324,254.91935368,327.28767341,236.67031846,12.46315489,98.86547336
sample223,0.928881,8.359929e-05,0.16069555532862678,0.1792038045540979,0.1596288108117208,0.17843655899388514,0.16460496934394808,0.15743030096772137,45.4360385,145.91089119,51.66034748,255.30072899,315.04025684,15.94799378
sample224,0.948437,8.3462456e-05,0.18122600997984833,0.1783361121773342,0.16026672904071904,0.15646501055560885,0.1666678661676742,0.15703827207881518,171.53762258,135.31694728,71.31221076,21.02294768,287.70245557,329.14279607
sample225,0.949587,8.3563656e-05,0.15403639239685502,0.18022911750891774,0.17863312427198647,0.15396256848165754,0.15684878427973598,0.17629001306084727,344.01069064,195.17424255,244.39748964,1.83443259,35.93399873,204.72460899
sample226,0.998259,8.085897900000001e-05,0.17188736320855552,0.16895635851437973,0.15250038800891397,0.16790888086515737,0.16963525209842054,0.16911175730457284,170.96597032,178.34543197,51.99895483,166.628127,153.28405918,150.91809459
sample227,0.964269,8.292713400000001e-05,0.17551494887700697,0.18443198653696513,0.169128581489895,0.15433049674513982,0.16220960332852458,0.15438438302246837,163.59203682,207.0693538,126.44454418,29.79684094,299.99781641,340.36714078
sample228,0.93979,8.364131e-05,0.15705456867489928,0.15682681803222448,0.18093766026966357,0.15986269519292517,0.1649462331909202,0.1803720246393674,40.63182414,33.46337466,182.81446493,66.22699304,299.23567281,197.88087503
sample229,0.95735,8.328945e-05,0.15537220063404966,0.15848357363356447,0.1560053582499555,0.18260224013701892,0.1852382493409977,0.16229837800441366,6.19256226,62.63547786,49.27540292,192.4948098,187.20188205,92.4954458
sample230,0.930251,8.372259000000001e-05,0.18437169751958576,0.16026388776026823,0.15956249569282932,0.16077796533963473,0.15688615519253268,0.17813779849514919,161.03748571,52.51401077,14.94986302,46.73779093,0.52289465,268.39450315
sample231,0.969458,8.1434472e-05,0.17428186063025686,0.1589544676806938,0.1696411043946871,0.16662725525438038,0.16356974885889222,0.16692556318108936,240.21178144,74.94875547,142.71625007,278.88087794,106.41545069,114.26252071
sample232,0.96307,8.282402e-05,0.16198444214137106,0.17398207984736436,0.16757582683765365,0.15297521755802423,0.16583915549975048,0.17764327811583622,296.5093649,231.24044362,275.44669777,2.07525123,110.64364322,194.94626799
sample233,0.939843,8.364602699999999e-05,0.16401001527778308,0.1814657296942353,0.17011402636041564,0.15689932227031628,0.15849862958549094,0.16901227681175857,79.53725762,250.32767184,113.48436016,0.85051495,16.68192212,107.89452747
sample234,0.968561,8.2327685e-05,0.16409355861146466,0.16936187006167072,0.17661738728202192,0.1543394828862426,0.16090823860946168,0.17467946254913852,284.21738848,131.30731571,187.64326513,37.47742264,87.80756125,179.92517806
sample235,0.947982,8.342241599999999e-05,0.15672629598105717,0.1572075731157438,0.16571922905257203,0.15305180379862465,0.18227121987624786,0.18502387817575458,52.07494241,350.10071197,292.58254132,10.10508017,225.81646028,192.9012166
sample236,0.99314,8.044434e-05,0.1722967436621844,0.1623461894115673,0.15086209776205128,0.16696605801996145,0.17362887471424865,0.17390003642998705,171.69404488,120.63159036,6.20113979,151.20896866,179.3738057,220.39837275
sample237,0.986861,8.0922602e-05,0.1691440052588205,0.16274820393775324,0.16420141345618672,0.1699434186798377,0.16998728169997263,0.16397567696742937,231.26869508,279.82605442,122.41517115,147.84979095,241.88946776,274.10928361
sample238,0.989753,8.1159746e-05,0.1536398693230135,0.15656013464495075,0.1732152248247572,0.1750585690093977,0.17329995943098608,0.16822624276689468,325.07184668,84.08182395,203.61434347,201.48174851,219.48560894,237.00904321
sample239,0.931308,8.381772000000001e-05,0.15931765883444704,0.15917249912607417,0.16576635121507127,0.17866433955099076,0.15581139297489383,0.181267758298523,43.94572408,337.38084618,308.62059178,164.96358134,19.71393353,229.18260752
sample240,0.956824,8.3243688e-05,0.17114793564352804,0.16477413075054576,0.16738997892758656,0.17565942805489976,0.15904632696981236,0.16198219965362753,151.7618192,290.0302896,281.11372787,213.38445989,315.50222962,302.63374736
sample241,0.917561,8.441561199999999e-05,0.16278326614902458,0.17413776181920904,0.15992384365778262,0.18371080117224628,0.15951844945361793,0.15992587774811962,53.7418695,284.38355261,40.85400459,162.10461824,2.23345984,30.17253479
sample242,0.955095,8.3093265e-05,0.17149233701894154,0.15579998920147523,0.16718016634755384,0.17503202104445462,0.1756167903184891,0.1548786960690856,150.52818111,20.88715552,109.22169306,132.24714255,248.74698375,28.96999892
sample243,0.981663,8.1478029e-05,0.1734069224462637,0.1768636898325828,0.1614907736362448,0.15291722611027278,0.16502823952503734,0.17029314844959859,148.21594577,212.46580488,106.1238685,347.67308946,270.81170695,147.88605212
sample244,1.00099,8.00792e-05,0.17000154697508346,0.16916826535510454,0.16168849822550257,0.16440391647278668,0.16948739657861828,0.16525037639290455,158.77108449,155.88389314,120.06442893,259.67549182,182.66419011,129.08684586
sample245,0.941179,8.3764931e-05,0.1555715882216392,0.17695046323987645,0.1588391101903748,0.17457387396285556,0.15745683589039872,0.1766081284948552,357.83938467,235.52995242,48.20832623,147.43187267,31.83129801,175.97299108
sample246,0.979333,8.1284639e-05,0.17393748125570133,0.1516145386502361,0.1665576644725207,0.16847313735792357,0.1649694458642857,0.17444773239933267,197.81775528,8.63387033,131.78387423,136.83627972,274.46354258,175.41636196
sample247,0.9162,8.42904e-05,0.16560908944309224,0.17166985695458023,0.16283849063218542,0.16517391153158426,0.17448529535870555,0.1602233560798523,81.18771027,296.89933523,330.07169632,319.1288768,122.06294794,345.2319652
sample248,0.950156,8.2663572e-05,0.16397608682694276,0.16904673838022932,0.18107126005957017,0.15903809446016437,0.17075796160831097,0.15610985866478225,297.21477355,114.2386212,228.97849643,59.34142831,135.44692208,12.52483628
sample249,0.947387,8.337005599999999e-05,0.17372465536907256,0.1768030404181321,0.1751966547174046,0.1599951689467316,0.1576889257378799,0.1565915548107794,127.61934141,131.67945504,261.15061438,324.72567385,34.07021017,9.34634302
sample250,0.965976,8.3073936e-05,0.17833271513408194,0.17511817801782453,0.1565848713328881,0.17002172161116685,0.16363194683466642,0.15631056706937227,172.89308243,150.75419696,60.24103514,149.68942508,288.94106231,64.63273479
