name,k,k_uncert,Q1,Q2,Q3,Q4,Q5,Q6,theta1,theta2,theta3,theta4,theta5,theta6
sample001,1.04912,8.602784e-05,0.17320856425387396,0.17375178362173682,0.18737700470315186,0.1557496213057571,0.16540950042051678,0.1445035256949636,209.79753313,196.88306723,171.68396819,356.22227692,154.2391237,117.15784807
sample002,1.01836,8.65606e-05,0.15309525621549297,0.1579525683530731,0.17238367482223776,0.18128187153850212,0.1798230724765149,0.1554635565941792,337.76164463,116.8620006,10.01656607,150.61036632,131.05301943,147.35032455
sample003,1.01358,8.716788e-05,0.17825392193812023,0.1775132323826979,0.17663383955501494,0.1599053599108517,0.1684185624205461,0.13927508379276904,232.39465645,192.09799441,311.15406879,345.59658896,146.16335626,51.43011134
sample004,1.02152,8.580768e-05,0.16481349207114948,0.1531457080594179,0.18534860505875483,0.17189882409122575,0.17086929581464308,0.15392407490480903,276.52497696,71.99617282,270.7452119,106.1598425,111.16304022,136.54539874
sample005,1.00714,8.661404e-05,0.17235753473875118,0.16834119316890406,0.1986542296417072,0.1590734244879683,0.15893552609406764,0.14263809186860155,123.46474928,103.22386858,221.25525119,7.11190906,78.37886427,72.99616634
sample006,1.01502,8.627670000000001e-05,0.17661040999212163,0.15454596625814385,0.17998983974207766,0.17567658955493898,0.15517161785200648,0.15800557660071138,224.96381859,325.61864136,110.59919441,264.88135147,355.03596798,156.62221019
sample007,1.03608,8.599464e-05,0.16818452931737138,0.17203090964005516,0.19784999667526293,0.1789954326925003,0.15132010087973347,0.1316190307950768,163.80390018,134.75008203,157.45544071,178.94363825,351.02999128,331.65744965
sample008,0.982681,8.844129000000001e-05,0.1592419100449901,0.16975268505478425,0.17448318965663,0.1657427928258898,0.1669205513586443,0.1638588710590614,48.8649176,276.30791382,36.69605005,53.99550443,83.83776949,260.67825497
sample009,0.998447,8.6864889e-05,0.16371873988798086,0.1522209444291044,0.1926554746656267,0.18832593902940709,0.16347622966990805,0.13960267231797296,289.47584398,15.87464388,118.2046521,147.40229816,70.54508567,59.49718468
sample010,1.01482,8.625970000000001e-05,0.15181135886758035,0.16772796958659153,0.1909874951680038,0.16779178935874584,0.1792940137458282,0.1423873732732504,347.87448452,149.48017777,261.83528958,76.05831943,182.07277554,84.50800257
sample011,1.05455,8.436400000000002e-05,0.165321634386919,0.15138543476798028,0.18644470262897292,0.17716954105960636,0.17304155941511493,0.14663712774140628,183.25502412,74.43904489,226.28007757,238.27586136,172.66311039,129.12763659
sample012,1.00286,8.825168e-05,0.1521840452552099,0.16216919567420227,0.18279095742671014,0.18432940197792486,0.1676654349588048,0.150860964707148,25.75097777,290.51958655,292.91331299,245.4511213,298.36341876,123.42075712
sample013,1.03598,8.598634e-05,0.1720113494339317,0.16525492915960044,0.16946121778745998,0.17115248586024034,0.16957017283610795,0.1525498449226595,234.00572378,251.18462448,337.55811239,270.73207789,131.70700676,129.2136647
sample014,1.00906,8.677916000000002e-05,0.15147056144661714,0.1669836640266525,0.19848227857580916,0.17190661919633732,0.17526772901431598,0.13588914774026795,356.70035863,116.34548472,172.56783946,300.84798206,223.7894287,29.64608766
sample015,1.01231,8.604635e-05,0.17203692006019206,0.1514947811616153,0.19070069988285154,0.16616598092943208,0.16574344159608084,0.1538581763698282,139.88319712,5.51652102,160.03583437,76.18356567,292.70737135,126.93700358
sample016,1.00454,8.739498e-05,0.16920502117661704,0.16110072499881406,0.1958844470334628,0.18187630488819473,0.1558199097436923,0.1361135921592192,148.95785507,309.63324281,137.64917297,134.16629446,26.26404274,18.37718618
sample017,1.02599,8.618316e-05,0.16624745849408162,0.15470745823752582,0.1799159699573156,0.18356918428082603,0.1772003869182197,0.13835954211203155,235.07585815,76.75592772,90.18597206,159.22567943,223.64129913,316.25899706
sample018,1.02576,8.616384e-05,0.1546684337105944,0.15175343389990617,0.17735833025597061,0.18167504074220664,0.1779750749187591,0.15656968647256297,307.0871602,319.71758632,92.40961293,149.52883288,253.41600438,222.38000586
sample019,0.969871,8.922813200000001e-05,0.15822901030690287,0.15708148821013584,0.19147190192949246,0.18907942857641957,0.16065496518545228,0.14348320579159682,14.34571352,1.16266763,108.9872638,270.54626838,1.19418914,19.40125976
sample020,0.974822,8.773398e-05,0.18366418113232502,0.15900914071871447,0.17601870918215007,0.16413680805317263,0.17294772938843872,0.14422343152519926,243.76762869,50.01346632,41.86787623,358.14187847,119.49615263,0.2257657
sample021,1.02002,8.67017e-05,0.17309562499855297,0.15507644256084868,0.16921911406776857,0.16211667361740878,0.18133383986677926,0.15915830488864163,244.25297733,309.8218819,27.01009546,57.3071722,175.46672728,134.89736247
sample022,1.03028,8.757380000000001e-05,0.17117054475668964,0.157355548257872,0.1672828727615434,0.1673089598061853,0.17789749055674067,0.15898458386096886,224.05875053,290.18145011,23.07861018,95.53670233,229.83297554,248.47273218
sample023,0.991611,8.924499e-05,0.1533499036643382,0.15293937775142957,0.17585564064436587,0.1878534207710436,0.1884118500192997,0.14158980714952304,18.34743271,40.86602658,56.61415044,261.12276714,218.96076163,42.903121
sample024,1.00904,8.677744e-05,0.16455293669436905,0.15663926827996835,0.17931276999587883,0.18048824927513113,0.17621974180436417,0.14278703395028836,264.84772581,313.80769807,290.65934667,269.74428854,247.99502593,320.05450943
sample025,1.03204,8.565932000000001e-05,0.1824808682636757,0.1735729988377015,0.17032152943991863,0.15582544896219364,0.15786992370400132,0.1599292307925092,199.87746922,204.64432159,41.09261137,33.89035223,80.06383835,189.38143691
sample026,1.03552,8.698368e-05,0.1686926800436448,0.1723229292521066,0.18540639616680185,0.17442093499799438,0.1674128380983818,0.13174422144107062,230.69584456,154.66332606,119.83798804,269.11548081,158.09627637,2.18158234
sample027,1.02943,8.647212e-05,0.14994293256694785,0.15090001554023902,0.1921326840789252,0.17065819104426808,0.1800913957811247,0.156274780988495,35.34604057,60.90171926,202.03048614,95.48059666,170.14800687,202.73596385
sample028,0.982084,8.838756e-05,0.1758722643854046,0.16532149569182422,0.1919045320571411,0.16362924013843672,0.15758567570065624,0.14568679202653712,270.54692203,310.26232186,137.86027847,10.70369424,16.43987639,67.5749849
sample029,1.0313,8.66292e-05,0.16431970933533388,0.1683936082675223,0.1808189495536876,0.1757244062370515,0.17397072242125833,0.13677260418514658,133.89789884,249.16479977,93.43301754,128.75725744,233.51731582,59.23194027
sample030,1.01421,8.722206e-05,0.17774541677932715,0.15090348130290546,0.17555843890623796,0.17789411360377144,0.15849886690208487,0.159399682505673,216.77499163,32.32053171,310.12846643,217.15232208,326.54444693,161.9247737
sample031,1.01974,8.667790000000002e-05,0.17511704580993237,0.15010173644584413,0.18487329976329714,0.16493745290492784,0.16548933607265254,0.15948112900334577,227.94496949,12.03707203,142.81865939,75.50619417,289.84403654,170.57815067
sample032,1.02562,8.71777e-05,0.1499346084739362,0.16618935979226201,0.18227297998898068,0.18760499690851828,0.17750164793859638,0.13649640689770637,39.99247633,151.93553114,89.39176932,214.80403359,188.10063581,317.64159508
sample033,1.03607,8.599381e-05,0.1772892607306542,0.1693800286464784,0.16879601889351553,0.15845114613414046,0.17445171334361287,0.15163183225159862,219.51591706,182.22650651,17.27528381,51.94252092,202.22904185,125.25828546
sample034,1.04873,8.494713e-05,0.17245449776120433,0.16768478362455874,0.17512132553503018,0.15701349129797396,0.17035847902234497,0.15736742275888776,219.42437373,235.53019658,106.97442817,343.38376681,181.37415023,202.82504613
sample035,1.02646,8.622263999999999e-05,0.16632449012459996,0.16427244188281315,0.1836530098342013,0.16751030447292325,0.1675112143824752,0.15072853930298702,266.81897703,127.12750524,267.63851791,306.45523813,135.19433641,272.79513701
sample036,0.988341,8.7962349e-05,0.16740673173438703,0.1622266677301028,0.17951979323860923,0.18709830734944305,0.1641689364253453,0.13957956352211265,115.27347074,306.01898143,57.13662056,156.7652196,69.84889945,24.34985908
sample037,0.967862,9.0011166e-05,0.16372619982907077,0.15586546762227949,0.17482663970025056,0.1713334030905887,0.16094919019117152,0.17329909956663905,330.23229464,8.0442073,350.26738396,312.5530038,17.56587038,204.11169142
sample038,1.03053,8.656451999999999e-05,0.17225269583134079,0.17554806079288482,0.18646185591221198,0.17686690930695975,0.1540024859506654,0.1348679922059375,175.37637093,233.87409988,111.19809693,164.92626047,331.58157539,59.86352841
sample039,1.04613,8.578266e-05,0.16988256583882785,0.1664468060069808,0.16935873607990343,0.17275563821224216,0.1662514187055971,0.1553048351564487,148.22564326,182.51653007,343.13437314,166.355807,114.9071202,218.61048326
sample040,1.00546,8.848048e-05,0.15900131710732385,0.18708186379003305,0.20503625951601223,0.16192798704365607,0.1529671207066107,0.13398545183636418,67.33725554,196.43876504,171.69505453,48.17267167,13.28915063,21.43837423
sample041,0.988621,8.798726899999999e-05,0.16242884370517097,0.15695377949117145,0.1729655210132042,0.17363498122991095,0.18693021012438937,0.14708666443615298,95.01136536,323.95446037,10.97351931,89.02200894,181.53858211,317.45514485
sample042,1.00079,8.706873000000001e-05,0.16425991610188212,0.15355821851861526,0.19076292535003275,0.1721734804273835,0.1591518988443912,0.16009356075769515,294.7614709,33.42216481,155.74188566,294.07419645,50.66831549,178.23193562
sample043,0.985863,8.7741807e-05,0.15798645026043934,0.18370698811319797,0.18813457974302447,0.16385854442899522,0.15835704072637374,0.1479563967279694,348.25859758,227.89954472,95.89268373,43.85288809,344.22070555,100.9125493
sample044,1.0262,8.62008e-05,0.16584681400440446,0.15234073227571576,0.170102882109508,0.16916626063040338,0.18216235947672615,0.16038095150324244,260.85956766,315.79279156,326.23146143,97.92530633,205.10368404,241.60821667
sample045,0.998093,8.783218399999999e-05,0.15430805510510096,0.16036686983720838,0.18149587138462386,0.17595154727898865,0.17877406631529352,0.14910359007878438,58.49936488,302.85548314,293.43413759,291.58389702,164.28775348,299.60827319
sample046,1.01572,8.633620000000001e-05,0.15729019186114956,0.15938701909422734,0.17078932772544062,0.1876256731597569,0.18247825736837678,0.14242953079104886,100.82575102,287.70948088,345.6918111,201.64524829,190.38151759,310.11657389
sample047,1.00621,8.653406000000001e-05,0.174893449365488,0.16313555894620896,0.1733944811348091,0.16783457861689055,0.167405877798458,0.1533360541381455,122.00058734,101.73991346,15.37234701,103.16348981,293.04375414,113.96901377
sample048,1.01937,8.664645000000001e-05,0.17452037397129933,0.1549375528544246,0.19006335816092362,0.16466096298230948,0.15561004053166416,0.16020771149937896,161.55372034,320.69466047,179.95648956,80.26616782,42.87198079,189.93497847
sample049,1.04904,8.497224e-05,0.1698416347708394,0.16662275622293216,0.1949213227383658,0.17276119656391956,0.15041460913446422,0.14543848056947883,156.56902885,128.42918845,188.93308527,155.28807536,356.06799772,158.01216487
sample050,1.03097,8.557050999999999e-05,0.1555813364553798,0.16080838493244978,0.1718718263310186,0.17787744818015744,0.1773827944307642,0.15647820967023018,70.46881038,135.00915971,39.51430757,163.453363,247.24657126,185.68875226
sample051,1.04405,8.56121e-05,0.14583270086793992,0.16681140792718935,0.19028845697322583,0.1737828769612358,0.17358271099568084,0.1497018462747282,12.89940551,209.54592439,208.64758656,272.5432487,191.63482844,229.00247023
sample052,1.03847,8.515454e-05,0.1691476796391749,0.1607295351469496,0.17648209539976423,0.17792142731428895,0.172627424974436,0.1430918375253863,197.5111348,119.47791273,300.28744908,161.00207666,157.14647689,287.75876836
sample053,1.0392,8.521439999999999e-05,0.15781297854089657,0.15266164572108426,0.17953660282174305,0.18458116394793556,0.17687353214008605,0.1485340768282545,281.34272365,306.55153733,108.67290391,217.56935573,150.14379977,133.49056302
sample054,1.04953,8.501193000000001e-05,0.16952873155589915,0.16306856443829917,0.18064310789325833,0.17657355126892227,0.15782093632078292,0.1523651085228382,203.32310344,259.89827397,118.96924336,216.11916653,79.11931085,208.18019299
sample055,0.971794,8.843325400000001e-05,0.1648398545143948,0.17009682349255667,0.17723298843473034,0.16309494595190732,0.1609614522737609,0.16377393533264997,43.14505967,111.64231303,20.43567492,348.21579552,34.17871611,135.43285265
sample056,0.968409,8.812521899999999e-05,0.16057550363533823,0.157180250962432,0.17670782984418945,0.18901230561092308,0.17132564075706672,0.14519846919005044,53.19857701,35.21006712,4.62254979,153.45743757,307.3254396,341.59452905
sample057,1.04286,8.551451999999999e-05,0.15463406117743383,0.16712279835688243,0.18671428657431655,0.18036887869465665,0.16607277236961718,0.14508720282709336,87.56467112,171.86828321,262.33227539,174.20294216,118.18006113,264.46571198
sample058,1.01815,8.654275000000001e-05,0.1609593269308387,0.15097901530576435,0.17121968566054502,0.17299952933855506,0.1777232605909713,0.16611918217332555,94.67783544,329.35925627,350.61012022,116.64542521,127.21257576,211.35712679
sample059,1.04384,8.559488000000001e-05,0.16715416183035245,0.14564849127891413,0.17200715810981484,0.17979895525663986,0.17753284398755187,0.15785838953672668,215.16156361,7.63783315,77.56681194,209.2416059,234.11604913,188.73432578
sample060,1.04881,8.600242e-05,0.1635724293826876,0.16424415887722016,0.17422144102569898,0.17019476256911342,0.17654280621193846,0.15122440193334147,127.42448933,230.80265944,306.96047094,129.28026408,186.9705378,142.1158476
sample061,0.976442,8.885622200000001e-05,0.16595102757907715,0.15483115012015364,0.17512931453507877,0.17270878322277372,0.18728290246395213,0.1440968220789647,94.05619324,16.57848405,2.67950474,82.07587689,244.02520561,25.40374451
sample062,1.01536,8.630560000000001e-05,0.1527532844826453,0.15239049281644196,0.18568939008746826,0.17198114170709194,0.1752091687532157,0.16197652215313668,37.86721052,51.37214092,134.55387767,291.1246792,132.72268406,197.14482904
sample063,1.02186,8.685810000000001e-05,0.16948786885074268,0.1743925566329359,0.18049885265339383,0.1739864500953052,0.15948943327701803,0.1421448384906045,259.16926522,179.40322444,80.68989531,126.57518293,82.31747729,298.82369384
sample064,0.994472,8.8508008e-05,0.16219405716870924,0.17664249237066745,0.17454681631700553,0.1708171817416333,0.17689180961161938,0.1389076427903651,80.51131944,232.34498532,353.17874619,86.65284517,144.81075359,7.83387774
sample065,1.02908,8.644271999999999e-05,0.15904422900299217,0.14898342892860283,0.19309158929298242,0.1879671003440708,0.175585640849698,0.1353280115816536,133.57435659,27.67320265,224.20824181,223.03465045,237.70649655,48.6668293
sample066,1.0384,8.61872e-05,0.1734419933712159,0.15310707369615503,0.18390386276462095,0.15626581805727835,0.17405792915258522,0.15922332295814456,183.43281923,65.89176496,178.03819187,20.64799461,185.80187482,171.9786577
sample067,1.0252,8.611679999999999e-05,0.16745351598144176,0.14948453504735956,0.1866987591409734,0.1624956624555,0.17710615899189042,0.1567613683828349,150.66140757,19.68927476,202.93926832,49.97101096,191.30608282,254.57890061
sample068,1.03339,8.577137e-05,0.16160802088627946,0.1684194743805196,0.18417664486357582,0.17194115534971943,0.1690352417146423,0.14481946280526334,280.05116182,158.54672855,107.46317775,106.88708572,137.28106074,279.59380773
sample069,1.05154,8.517473999999999e-05,0.16459929139053847,0.16361501196953904,0.1724822927325294,0.17439178086340063,0.17462129000073315,0.15029033304325928,130.46022004,158.06633948,57.43561418,168.91964465,225.73554659,151.92179642
sample070,1.0049,8.74263e-05,0.17949397351481253,0.16695320905750843,0.19679292822878602,0.16061714086375428,0.1536020819015056,0.14254066643363306,208.48901666,93.19937956,217.00555724,349.02247929,28.37734459,313.16848377
sample071,1.0371,8.504219999999999e-05,0.16406788244024822,0.15665607408670845,0.19649540580192798,0.18306877862786866,0.16406858188426016,0.13564327715898628,165.42593061,81.64494421,199.20116657,163.93818364,113.67985115,310.44575976
sample072,1.06694,8.428826e-05,0.15486729911526143,0.16155704878655874,0.18794946415396102,0.17818888640915112,0.17138858771896398,0.14604871381610363,111.96152204,241.70509985,214.87997845,193.65659289,170.14983408,160.38627415
sample073,1.03604,8.599132e-05,0.16135686971736585,0.1484989407014552,0.18262276675475675,0.17365319916223695,0.1783223775053771,0.1555458461588081,119.47877445,340.55330391,268.94754407,121.96196603,151.9362421,146.21863288
sample074,0.997314,8.7763632e-05,0.1748353278474247,0.1618582826669409,0.17266602465087583,0.17996553603726873,0.16066547201935596,0.15000935677813373,139.79592216,85.78480782,4.07904889,253.71964843,67.20634226,296.65535349
sample075,1.03422,8.584026e-05,0.1579855649065499,0.17392034089721153,0.19630954286341318,0.16732782830691734,0.17106635116754082,0.13339037185836727,95.97558418,181.97253847,223.13678235,89.98039017,202.68690317,50.20982978
sample076,1.0137,8.717820000000001e-05,0.17742847129350975,0.1500796355244614,0.171845036769474,0.1761640147966645,0.15988523074194652,0.1645976108739438,166.25480709,2.11736094,34.75733825,164.16142541,55.37916646,188.74090101
sample077,1.00171,8.714877000000001e-05,0.16267444915693602,0.1577152256878554,0.1819175892266603,0.17826697981861211,0.15809757173015104,0.16132818437978497,297.09661766,313.56393723,288.48830148,266.30849523,41.85467808,207.77759694
sample078,1.0023,8.72001e-05,0.15664338286525037,0.17970817973371844,0.19465551881832804,0.16912208160731704,0.15666152345481954,0.14320931352056648,327.00452698,231.81159234,125.83473893,80.35500962,51.25788085,303.41653222
sample079,1.04565,8.469765e-05,0.17131254376365163,0.16561584135946883,0.16811054990785682,0.17337647116787175,0.1669956747701895,0.1545889190309614,170.75957864,234.46691598,335.52259512,225.27784018,268.56533019,174.72267381
sample080,0.997497,8.7779736e-05,0.1553954129908529,0.17153270320592767,0.18638050991040878,0.16953665060442952,0.1591932472559992,0.15796147603238186,19.23531412,145.82911649,287.66010522,302.8664001,50.48472021,161.41196989
sample081,1.0213,8.57892e-05,0.16625918820920163,0.1679736574795767,0.19447673899017984,0.1639142894621537,0.1540091851040108,0.15336694075487745,276.92070049,127.26246739,230.38207595,69.38367199,346.16069667,235.2219278
sample082,1.06166,8.493280000000001e-05,0.1606417273417981,0.16570632442478705,0.1892470646891774,0.16852840278919035,0.16789356664975624,0.1479829141052909,259.66604811,180.46904079,190.94590222,111.147216,150.05361864,214.60652601
sample083,1.01259,8.708274000000002e-05,0.15335278407410563,0.15439175793752957,0.1957336675999059,0.18217521486586094,0.1605603062811517,0.1537862692414463,64.05258538,324.18016352,229.03226484,146.94641088,318.08631124,240.38089981
sample084,1.0284,8.63856e-05,0.16895438271019336,0.1645558361429721,0.1985581119629123,0.18209621387687985,0.15329880953635816,0.1325366457706843,228.50523031,109.73125604,226.23671312,201.5546685,340.86623204,33.84523805
sample085,0.98402,8.856180000000001e-05,0.18253293269359505,0.1688217393471588,0.17476212702130756,0.16274695143176937,0.16599686255252938,0.14513938695363987,257.70309195,109.56599366,1.60296796,33.18272824,90.82593153,52.19703417
sample086,1.02441,8.605044e-05,0.1747547406636277,0.1675665011501063,0.17189879225293392,0.17595572416957234,0.1581466881735839,0.15167755359017604,235.94604023,137.8933226,42.63271359,189.7193375,317.53075637,261.40740635
sample087,0.993176,8.839266399999999e-05,0.1549789885743585,0.1801980275122005,0.19121524446249646,0.16253330617333844,0.1669859127336248,0.14408852054398136,13.51277687,241.82330647,120.36739732,18.41758224,292.62759977,80.55058189
sample088,1.02022,8.569847999999998e-05,0.17779063086229388,0.17634040378686977,0.17826499578347854,0.15971150042585713,0.1693065271431748,0.1385859419983258,172.7152259,174.16399751,299.03817631,336.86589592,240.42934202,57.03133557
sample089,1.04623,8.579086e-05,0.1646431663616415,0.14628437286467016,0.1760905019730585,0.17759658353198743,0.17820776294487461,0.1571776123237679,166.80725612,353.39809573,286.42740581,163.19016109,167.55771722,219.95885277
sample090,1.00029,8.802552e-05,0.15663315943813982,0.17784439737191685,0.1915716308034453,0.16230174112232887,0.17312957189895864,0.13851949936521052,49.77847745,172.77325029,269.2806719,346.98140555,160.20868544,35.63933365
sample091,0.997759,8.780279199999999e-05,0.15710710990152182,0.15528981586472723,0.19274513725127934,0.16194859155144045,0.1725973539500412,0.16031199148099012,329.36349179,48.88130762,173.04434147,18.40158707,279.59816547,170.15546824
sample092,1.00892,8.777604e-05,0.15170838462395142,0.15047179542564076,0.18583248922220744,0.1847998545573477,0.17913108223195673,0.1480563939388959,28.72143247,14.60347685,123.9942732,262.93773111,259.14356718,105.3905445
sample093,1.02786,8.634023999999999e-05,0.15226030998742932,0.1738903690686962,0.1999158813793292,0.18125099867084177,0.15407854168226837,0.13860389921143554,60.6245122,171.86790578,232.59891721,165.07938967,44.06368038,293.82765296
sample094,1.05592,8.44736e-05,0.16303157309722224,0.14619018303738843,0.18203665663226115,0.18110103486249007,0.17510110383746644,0.15253944853317183,202.7320693,339.89637062,149.54080303,204.21890617,171.8870309,220.6275209
sample095,1.01307,8.712402e-05,0.17976551060833001,0.183265661535868,0.1862669117047248,0.1594922357060658,0.15371524655806257,0.1374944338869489,161.9047486,201.65991753,279.98031767,47.71354316,41.51313496,49.8897245
sample096,1.02434,8.706890000000001e-05,0.15138234343741558,0.1623828535917365,0.18968198572672784,0.18090630687946968,0.1795731156407047,0.13607339472394564,323.99580803,273.07517764,258.64309149,131.24937948,194.93292508,53.4882881
sample097,0.998082,8.683313400000001e-05,0.16784531055802304,0.17757574372899126,0.17949582762623803,0.16200514501750984,0.1734873307350404,0.1395906423341975,112.52953203,252.86063879,82.00564419,11.54337772,252.18681944,355.62407549
sample098,1.04185,8.438985e-05,0.16838767996805085,0.14795851871691643,0.17323953850697513,0.17573177939941498,0.17928301342334574,0.15539946998529686,197.87497639,337.41148859,307.71207645,153.02731515,165.57083432,149.83196357
sample099,1.03196,8.565267999999999e-05,0.16235193703069412,0.17039058040129734,0.19696742047842686,0.1681170023071346,0.1601388210789167,0.14203423870353044,279.72254857,150.41319131,216.11490805,97.0643299,298.68823861,117.17428035
sample100,1.0169,8.64365e-05,0.1715901979436997,0.17564699674784223,0.17080044279394696,0.17238860298429282,0.17187886290546617,0.13769489662475226,153.07056308,217.75169554,341.07296176,281.52518182,241.71730128,335.76330096
sample101,0.979211,8.910820100000001e-05,0.16398917093370652,0.15604979024375037,0.2054818610473539,0.17509581357041723,0.15880586595615873,0.14057749824861326,306.09912748,354.16987302,224.80988076,88.17046504,350.93630185,18.7294154
sample102,1.0102,8.68772e-05,0.1680321527338221,0.16707101916960254,0.19106875734396928,0.16903161371011177,0.16617210410985753,0.13862435293263664,137.34031116,285.08278718,156.37534239,306.75294777,120.11698047,39.57073213
sample103,1.05597,8.447760000000001e-05,0.16760964175439544,0.1548411605839067,0.17769530173875792,0.17643152137737528,0.17418034418457998,0.14924203036098455,183.53960039,98.22202991,104.27647485,227.05680934,215.89453439,145.68333144
sample104,1.02454,8.70859e-05,0.1709920883601802,0.1503116614766859,0.1842535094492398,0.15863815631842282,0.17693985885030108,0.15886472554517023,147.7829402,348.73259267,160.71618918,14.23240942,165.84466573,138.37552058
sample105,0.990217,8.812931299999999e-05,0.15565162335603364,0.16220427016997624,0.17509834647006234,0.18267025753171326,0.17662146377188115,0.1477540387003332,36.73640444,297.330111,340.86027186,141.28698588,279.18431121,87.31677495
sample106,1.01666,8.743276e-05,0.15010456904453504,0.17572282431088482,0.19879058799877192,0.176357343742399,0.15711365214932227,0.1419110227540868,3.95759666,233.77742032,184.59676435,275.12770446,326.84666582,108.29846818
sample107,1.02131,8.681135e-05,0.1646713219621248,0.15796487019045097,0.17043415996583466,0.18535865727635928,0.17718469737274778,0.1443862932324826,149.13556875,296.09140675,33.55979246,212.79403329,156.26404027,298.92267138
sample108,0.999809,8.798319199999999e-05,0.17510629861272825,0.1603812814422153,0.17729147953255545,0.160264490444128,0.1779346940111426,0.1490217559572303,130.20489941,84.23567008,318.76911999,351.08540425,163.51282371,79.18929017
sample109,1.01233,8.706038e-05,0.17273919619215267,0.16874544771376973,0.1742291998088517,0.16844881405844497,0.16569869539493087,0.15013864683185002,164.25234666,269.21813482,312.05887598,301.50654872,286.89162843,287.62602695
sample110,1.03572,8.492904e-05,0.16989963537558384,0.17023122955359693,0.1751258458036394,0.17854314391028336,0.17353524706002063,0.13266489829687586,186.27428622,196.20347502,310.49221998,179.20164436,182.80165523,33.60161094
sample111,1.02699,8.626716e-05,0.1488373106997936,0.157308687751574,0.18658969972472422,0.18770662306842212,0.18057897410055868,0.1389787046549273,334.82376376,290.09721299,263.52738755,229.41023134,203.85494492,75.64103016
sample112,1.04535,8.57187e-05,0.16104478709214728,0.16578300768131662,0.17696965332301087,0.17326917816063497,0.17311164090307357,0.1498217328398166,120.80447279,167.00972111,288.58276357,263.42910174,209.599199,256.57447734
sample113,1.01526,8.731236e-05,0.17538217210836077,0.1737395548384879,0.1727377493646471,0.16645912815629377,0.1600931648763564,0.15158823065585403,257.86688517,162.3414077,49.67155392,300.08324919,312.20306295,130.50800929
sample114,1.04077,8.534314e-05,0.16497187364777155,0.154122752151368,0.1772191144018281,0.17976400338811965,0.17842797166329,0.1454942847476227,139.17389698,92.51698399,296.62372249,206.62739424,185.93548535,107.38411523
sample115,1.02261,8.692185000000001e-05,0.1538635343907523,0.15334275147709137,0.18030255619454505,0.18252005104596425,0.17745843477520373,0.1525126721164433,309.58371969,315.79166859,280.45527267,255.10257418,157.97288667,264.58072753
sample116,1.0105,8.6903e-05,0.1680745020075024,0.15540149997196667,0.17974367680595377,0.1838644276618328,0.17651096986176262,0.1364049236909818,165.1688214,320.6614806,83.79098076,147.11628387,253.9856922,22.9675751
sample117,1.00825,8.670950000000001e-05,0.16812611792955373,0.16323593974502246,0.17263815491530615,0.1730689345092839,0.180568531321576,0.14236232157925774,122.95842043,109.16438934,3.63775421,105.89088448,179.77722714,318.36309439
sample118,0.949034,8.9209196e-05,0.1636253082457859,0.1675281351422283,0.17874872349216164,0.16987581819929892,0.16780679712814967,0.1524152177923755,357.07126498,314.70132757,351.20523957,62.33740723,327.41793965,68.37127549
sample119,0.9902,8.81278e-05,0.17001705370499084,0.17944414770840772,0.175917715489488,0.17117273733311666,0.1629114627373423,0.14053688302665432,110.87235061,247.44668391,335.56311075,301.09340505,87.14007597,11.81954335
sample120,1.00924,8.679464e-05,0.17110875996045505,0.15592819236562117,0.17926355932400562,0.17303815793426855,0.17662959170264791,0.14403173871300162,182.26146657,319.0636756,90.0284263,95.87641539,154.16343694,310.01017429
sample121,0.984518,8.7622102e-05,0.18205098600514738,0.15509643185931965,0.1715915507555983,0.17129262247863264,0.17259707380168554,0.14737133509961664,221.37872801,349.53268214,4.7830043,304.82025517,282.50305182,63.42533069
sample122,0.994724,8.753571200000001e-05,0.16303916269065072,0.1527516897834017,0.1940479584631673,0.16905152869729212,0.18121173083625225,0.1398979295292357,105.77058298,5.32872592,248.87397926,65.79046612,175.61397224,25.09240454
sample123,1.03673,8.501186e-05,0.15810190944131694,0.1601417180862164,0.19362324744352333,0.17936543607901262,0.1729955196379946,0.13577216931193592,110.72384452,106.18337475,221.08054416,255.15462226,223.13575287,62.27027647
sample124,1.03583,8.597389e-05,0.17491087923031318,0.17767345318446093,0.18952380704898614,0.16166419669774418,0.15879807994064077,0.1374295838978548,212.0082626,207.87210779,137.17754724,69.61948253,101.13556815,77.35380013
sample125,1.03925,8.625775e-05,0.16563887360510618,0.16576172663989386,0.17716698682759274,0.17334643900190483,0.17195874437743117,0.14612722954807128,259.43868772,147.94258554,92.4429089,268.45750261,245.66693208,120.26886637
sample126,0.995015,8.756131999999999e-05,0.17359211034346284,0.17879345862023438,0.17318076235069546,0.1669048806882144,0.16632231583728452,0.14120647216010832,274.33983005,211.30394002,3.20880967,76.46669589,99.09396696,48.24017693
sample127,0.988325,8.7960925e-05,0.1852421340762493,0.16075666569149488,0.17402170724314608,0.16963891187057295,0.16218929585968567,0.14815128525885135,166.27352236,69.70698995,344.02336316,297.92140149,316.17874805,77.16754871
sample128,1.01108,8.695288e-05,0.17481027751990985,0.15712349117002278,0.1910987769377274,0.16316572080722977,0.16371163978546954,0.15009009377964058,236.27082554,316.97093644,206.90171865,54.79193466,297.11491439,113.75456509
sample129,1.00172,8.714963999999999e-05,0.16666514116299108,0.1530240872962359,0.19532823652385306,0.1674891165482774,0.17135057315207092,0.14614284531657148,130.7686278,354.54195208,193.67357067,60.55641327,129.06726604,305.89168566
sample130,1.04065,8.533330000000001e-05,0.16900381356144542,0.16229004114236456,0.1675991601144569,0.1681532039428517,0.17503314942044887,0.15792063181843236,142.50202925,134.86035605,0.79151223,281.0830625,206.59083551,232.84711833
sample131,1.05386,8.536266e-05,0.1718224457824036,0.16453177541839886,0.17025166462896524,0.17280612730407396,0.16631119528395316,0.1542767915822053,191.68924535,179.14272725,322.81056205,199.85765929,122.81088114,198.85389358
sample132,0.954045,8.968023e-05,0.16859825623310631,0.16394505816030863,0.19140882147366278,0.16736681408086115,0.16179000846441458,0.14689104158764665,318.87803292,65.71974382,294.73897533,349.89276612,34.82158887,3.04489362
sample133,1.01378,8.718507999999999e-05,0.15023062646608198,0.14901212129798475,0.17231885348591042,0.1882037446694826,0.18698220361109028,0.1532524504694498,357.6086938,354.86779567,334.97334336,199.91245159,238.56132685,128.64598223
sample134,1.00344,8.729928000000001e-05,0.15222085841783534,0.17739696607389605,0.19067891868018128,0.18006795640488654,0.1552961982278971,0.14433910219530366,1.11992547,239.89372549,120.42153736,269.75887112,8.43478356,301.86220373
sample135,1.05929,8.368391e-05,0.1548711863022053,0.16178987387019908,0.18116635324039376,0.1787756227585356,0.17419484824336057,0.1492021155853056,280.35750174,221.95734763,260.32366546,212.7562835,208.48322525,198.22920848
sample136,0.984837,8.7650493e-05,0.15687199709323052,0.157419406144059,0.18612467035205937,0.19225203147942713,0.16439437166278018,0.1429375232684439,339.18051283,72.32889753,300.71147079,210.80813724,64.27197874,64.15443072
sample137,0.98354,8.85186e-05,0.15970273448481004,0.17009525996482805,0.20695159940639235,0.1623359284598236,0.15684930751227416,0.1440651701718716,53.80815896,95.28937702,196.29913533,4.212116,37.70712821,318.47398524
sample138,1.04521,8.570722e-05,0.17076617283301382,0.1648986760040595,0.1761962668091417,0.1675544861486264,0.172457697145464,0.14812670105969467,212.76339752,141.11061181,84.94802076,103.84306197,187.42618812,263.71362518
sample139,0.996623,8.7702824e-05,0.15407335163901664,0.17591224355727855,0.1801559165273784,0.1816887276039888,0.15997847167500234,0.14819128899733502,30.99205494,213.73461726,312.57815183,164.3970013,328.38845381,289.75144235
sample140,1.03093,8.659811999999998e-05,0.15297119815101767,0.15922979539402,0.194563366666563,0.18537685286296157,0.1732326215659818,0.13462616535945593,90.65305385,288.14688773,224.62523024,163.91871663,247.143916,51.64959945
sample141,1.00784,8.768208000000001e-05,0.1512814146239137,0.1579191177387544,0.18843385631094817,0.19106363137078927,0.16894119870415297,0.1423607812514416,20.93690091,93.92551311,280.67421597,202.98427783,103.98385195,309.3197522
sample142,1.00707,8.761508999999999e-05,0.15247729520452047,0.16429674281622397,0.17578038464822154,0.17324545804875063,0.1763507456770857,0.15784937360519763,13.4414285,130.64753298,53.25164915,108.28340115,267.51523988,251.31690733
sample143,1.02018,8.671530000000002e-05,0.1630342792379883,0.15397441718542676,0.18626955838577205,0.1841284351426819,0.1776361269696968,0.1349571830784341,256.59599543,320.6729767,268.86455231,144.16262178,163.17468339,351.58231936
sample144,1.03359,8.682156e-05,0.1474228357803469,0.169282599699695,0.19404581591676942,0.18009942625516445,0.17051648124001062,0.1386328411080135,14.27740973,219.37803372,243.6994456,145.97323357,260.46352605,94.21986687
sample145,1.01423,8.722378e-05,0.1727719275699719,0.15366936490515853,0.16802225190516934,0.1614731107152711,0.1796844777483474,0.1643788671560817,159.29072943,324.78985476,23.66492588,343.07764937,228.94686163,251.42669575
sample146,1.04648,8.476488000000001e-05,0.15953190179499183,0.1506315047420671,0.1788578288964257,0.1814622177706503,0.177323026757013,0.152193520038852,264.42834028,83.04667836,273.75310326,213.4681176,216.74231202,241.89769513
sample147,0.990984,8.918856e-05,0.1546165902400484,0.1714180979946611,0.1879353913922544,0.17707656602110722,0.16855646252421946,0.1403968918277096,348.65958034,269.71281628,284.2163979,293.51401044,112.16541854,359.22584702
sample148,0.978472,8.806248e-05,0.15814406253030788,0.1624847915408382,0.17564573411379902,0.1796180220048636,0.1719003607951965,0.15220702901499472,343.02443711,305.317118,347.92762209,111.69045571,94.51616038,302.00081552
sample149,1.01061,8.691246e-05,0.16579867096375409,0.15214135124633651,0.18239894936050677,0.17580436544278633,0.16541812645150406,0.1584385365351123,283.09780808,48.30319697,95.15335579,120.14927237,80.21487115,163.11130115
sample150,1.03727,8.609340999999999e-05,0.17033020583416836,0.17660970276342203,0.1946856746504806,0.1671913560953281,0.15901504846428735,0.13216801219231378,214.98712693,219.10291545,224.81351247,101.12990511,289.54806785,40.0004683
